Frequency (Hz)	Level (dB)
21.533203	-46.147728
43.066406	-37.965878
64.599609	-36.222656
86.132812	-38.332958
107.666016	-40.711025
129.199219	-44.996773
150.732422	-45.492920
172.265625	-40.479134
193.798828	-35.802570
215.332031	-36.228775
236.865234	-29.339863
258.398438	-27.990496
279.931641	-26.622803
301.464844	-14.547071
322.998047	-14.972141
344.531250	-23.480665
366.064453	-16.692909
387.597656	-19.997612
409.130859	-35.143936
430.664062	-39.923866
452.197266	-38.418690
473.730469	-22.521339
495.263672	-14.894219
516.796875	-18.793287
538.330078	-36.266159
559.863281	-38.943867
581.396484	-38.284401
602.929688	-36.301399
624.462891	-31.193499
645.996094	-34.505630
667.529297	-42.723366
689.062500	-40.686298
710.595703	-36.863800
732.128906	-25.585382
753.662109	-25.282282
775.195312	-34.394249
796.728516	-43.625626
818.261719	-50.158524
839.794922	-51.778694
861.328125	-50.441845
882.861328	-54.035370
904.394531	-44.811577
925.927734	-30.288570
947.460938	-28.741070
968.994141	-37.659279
990.527344	-38.628387
1012.060547	-39.420868
1033.593750	-48.209866
1055.126953	-47.396671
1076.660156	-49.385971
1098.193359	-43.314365
1119.726562	-40.510105
1141.259766	-46.645432
1162.792969	-53.492374
1184.326172	-53.045273
1205.859375	-51.428066
1227.392578	-42.398579
1248.925781	-34.082790
1270.458984	-36.799911
1291.992188	-51.492420
1313.525391	-59.210491
1335.058594	-56.822155
1356.591797	-55.489868
1378.125000	-56.120899
1399.658203	-56.765694
1421.191406	-56.131557
1442.724609	-57.938709
1464.257812	-43.603912
1485.791016	-36.588406
1507.324219	-37.753933
1528.857422	-45.660149
1550.390625	-43.041111
1571.923828	-37.813339
1593.457031	-41.924316
1614.990234	-55.234081
1636.523438	-58.934414
1658.056641	-64.082870
1679.589844	-66.458618
1701.123047	-64.124069
1722.656250	-56.370567
1744.189453	-47.115978
1765.722656	-44.486267
1787.255859	-50.398216
1808.789062	-60.106144
1830.322266	-53.566528
1851.855469	-47.118519
1873.388672	-45.083897
1894.921875	-48.108143
1916.455078	-54.926113
1937.988281	-61.121769
1959.521484	-62.327641
1981.054688	-59.988651
2002.587891	-47.393875
2024.121094	-42.847588
2045.654297	-49.392780
2067.187500	-64.411484
2088.720703	-71.390739
2110.253906	-71.253510
2131.787109	-71.069992
2153.320312	-70.211082
2174.853516	-65.504356
2196.386719	-55.185101
2217.919922	-50.465549
2239.453125	-47.446247
2260.986328	-47.911297
2282.519531	-55.510670
2304.052734	-62.612389
2325.585938	-64.032677
2347.119141	-65.969231
2368.652344	-68.158134
2390.185547	-69.912437
2411.718750	-73.309380
2433.251953	-74.573792
2454.785156	-69.107330
2476.318359	-69.316376
2497.851562	-67.287598
2519.384766	-63.144550
2540.917969	-54.373405
2562.451172	-54.650871
2583.984375	-61.489086
2605.517578	-69.302452
2627.050781	-62.958504
2648.583984	-59.513710
2670.117188	-63.541740
2691.650391	-70.227760
2713.183594	-69.400894
2734.716797	-72.134766
2756.250000	-77.130211
2777.783203	-75.964523
2799.316406	-65.534538
2820.849609	-64.084946
2842.382812	-71.421844
2863.916016	-65.577271
2885.449219	-61.566357
2906.982422	-67.022926
2928.515625	-73.408676
2950.048828	-76.513657
2971.582031	-78.860939
2993.115234	-72.595757
3014.648438	-66.042137
3036.181641	-57.936169
3057.714844	-55.226479
3079.248047	-58.125267
3100.781250	-63.723701
3122.314453	-71.355576
3143.847656	-72.947197
3165.380859	-71.628891
3186.914062	-74.074707
3208.447266	-72.896744
3229.980469	-75.345436
3251.513672	-76.035454
3273.046875	-74.382782
3294.580078	-74.210518
3316.113281	-72.964310
3337.646484	-68.270012
3359.179688	-64.596138
3380.712891	-68.806313
3402.246094	-72.072952
3423.779297	-72.584915
3445.312500	-75.674355
3466.845703	-77.744011
3488.378906	-79.730125
3509.912109	-80.599640
3531.445312	-78.546898
3552.978516	-75.204666
3574.511719	-72.149757
3596.044922	-72.224014
3617.578125	-70.168823
3639.111328	-68.507683
3660.644531	-71.776436
3682.177734	-74.426552
3703.710938	-79.868134
3725.244141	-81.372322
3746.777344	-79.516357
3768.310547	-76.219780
3789.843750	-74.262268
3811.376953	-78.434517
3832.910156	-70.692039
3854.443359	-66.363289
3875.976562	-67.131340
3897.509766	-67.568939
3919.042969	-67.774055
3940.576172	-70.628105
3962.109375	-73.698898
3983.642578	-76.704323
4005.175781	-78.784805
4026.708984	-81.091583
4048.242188	-79.142174
4069.775391	-76.327034
4091.308594	-78.321564
4112.841797	-77.126488
4134.375000	-79.604355
4155.908203	-80.702744
4177.441406	-78.194122
4198.974609	-76.573860
4220.507812	-75.749207
4242.041016	-79.800682
4263.574219	-76.916016
4285.107422	-74.513954
4306.640625	-76.896484
4328.173828	-80.032715
4349.707031	-81.129272
4371.240234	-84.140694
4392.773438	-86.762100
4414.306641	-87.899246
4435.839844	-86.548241
4457.373047	-82.666664
4478.906250	-80.577347
4500.439453	-77.740234
4521.972656	-79.592087
4543.505859	-83.696388
4565.039062	-86.377136
4586.572266	-88.127090
4608.105469	-89.248596
4629.638672	-89.258347
4651.171875	-90.998047
4672.705078	-89.878105
4694.238281	-85.914581
4715.771484	-82.547989
4737.304688	-84.999863
4758.837891	-92.999710
4780.371094	-96.705635
4801.904297	-97.634384
4823.437500	-94.632919
4844.970703	-91.868385
4866.503906	-89.992386
4888.037109	-89.754677
4909.570312	-84.599548
4931.103516	-79.937943
4952.636719	-79.720573
4974.169922	-84.569931
4995.703125	-86.822350
5017.236328	-85.471169
5038.769531	-80.052498
5060.302734	-81.217873
5081.835938	-81.939537
5103.369141	-81.186264
5124.902344	-83.346268
5146.435547	-81.660110
5167.968750	-76.224930
5189.501953	-76.432541
5211.035156	-80.638649
5232.568359	-80.745193
5254.101562	-80.869690
5275.634766	-79.817932
5297.167969	-81.905800
5318.701172	-83.060852
5340.234375	-81.205078
5361.767578	-82.550354
5383.300781	-83.090889
5404.833984	-80.422890
5426.367188	-80.628990
5447.900391	-78.331757
5469.433594	-78.309151
5490.966797	-82.219070
5512.500000	-78.129890
5534.033203	-79.082275
5555.566406	-75.745506
5577.099609	-70.725357
5598.632812	-65.249512
5620.166016	-67.633163
5641.699219	-70.665192
5663.232422	-73.581764
5684.765625	-71.927696
5706.298828	-73.375481
5727.832031	-77.597305
5749.365234	-75.621658
5770.898438	-74.730637
5792.431641	-80.257477
5813.964844	-80.332108
5835.498047	-75.091202
5857.031250	-74.746918
5878.564453	-77.273949
5900.097656	-78.927193
5921.630859	-77.878632
5943.164062	-78.319252
5964.697266	-81.767448
5986.230469	-76.261742
6007.763672	-77.309570
6029.296875	-78.374947
6050.830078	-78.555824
6072.363281	-78.829514
6093.896484	-77.485916
6115.429688	-76.432869
6136.962891	-76.806107
6158.496094	-78.506241
6180.029297	-79.139366
6201.562500	-78.706299
6223.095703	-82.041534
6244.628906	-77.699989
6266.162109	-77.462257
6287.695312	-78.931488
6309.228516	-77.603844
6330.761719	-77.319374
6352.294922	-77.306381
6373.828125	-76.966698
6395.361328	-75.982262
6416.894531	-76.982796
6438.427734	-80.984985
6459.960938	-77.803215
6481.494141	-76.778229
6503.027344	-77.707596
6524.560547	-74.073486
6546.093750	-71.651611
6567.626953	-77.535194
6589.160156	-74.718170
6610.693359	-76.271858
6632.226562	-76.170135
6653.759766	-77.337784
6675.292969	-81.432030
6696.826172	-75.938026
6718.359375	-76.795280
6739.892578	-76.198616
6761.425781	-75.716331
6782.958984	-75.362076
6804.492188	-76.956779
6826.025391	-80.012688
6847.558594	-78.884743
6869.091797	-76.396400
6890.625000	-78.572014
6912.158203	-79.836922
6933.691406	-78.964767
6955.224609	-81.623283
6976.757812	-80.374405
6998.291016	-81.745300
7019.824219	-81.516914
7041.357422	-77.499657
7062.890625	-76.351715
7084.423828	-80.084808
7105.957031	-79.595978
7127.490234	-78.387428
7149.023438	-81.180260
7170.556641	-83.642235
7192.089844	-83.298790
7213.623047	-80.301682
7235.156250	-81.807114
7256.689453	-83.683823
7278.222656	-85.179367
7299.755859	-86.410561
7321.289062	-87.164246
7342.822266	-89.870834
7364.355469	-87.165909
7385.888672	-87.722885
7407.421875	-87.496986
7428.955078	-85.514412
7450.488281	-87.064110
7472.021484	-86.940514
7493.554688	-84.834251
7515.087891	-86.102173
7536.621094	-86.684525
7558.154297	-86.497604
7579.687500	-85.989555
7601.220703	-84.783691
7622.753906	-86.207581
7644.287109	-93.030540
7665.820312	-92.731728
7687.353516	-91.067947
7708.886719	-88.200447
7730.419922	-86.227798
7751.953125	-84.339851
7773.486328	-88.868027
7795.019531	-87.659264
7816.552734	-89.160278
7838.085938	-84.045418
7859.619141	-86.908424
7881.152344	-89.648575
7902.685547	-90.557739
7924.218750	-85.622375
7945.751953	-85.707558
7967.285156	-89.663605
7988.818359	-91.929482
8010.351562	-89.981079
8031.884766	-85.533279
8053.417969	-82.766556
8074.951172	-86.805016
8096.484375	-84.935608
8118.017578	-80.578300
8139.550781	-80.799309
8161.083984	-87.917786
8182.617188	-84.858841
8204.150391	-85.667908
8225.683594	-89.533005
8247.216797	-88.921982
8268.750000	-81.048279
8290.283203	-81.589012
8311.816406	-87.576752
8333.349609	-91.041199
8354.882812	-93.577621
8376.416016	-92.352165
8397.949219	-89.140068
8419.482422	-89.192635
8441.015625	-89.273102
8462.548828	-91.525810
8484.082031	-89.233513
8505.615234	-89.701263
8527.148438	-92.347603
8548.681641	-96.007271
8570.214844	-96.311302
8591.748047	-96.576187
8613.281250	-95.738060
8634.814453	-95.371353
8656.347656	-94.363113
8677.880859	-95.229134
8699.414062	-99.851753
8720.947266	-97.468109
8742.480469	-96.634575
8764.013672	-99.965042
8785.546875	-105.273613
8807.080078	-108.667862
8828.613281	-109.959770
8850.146484	-110.150894
8871.679688	-111.910179
8893.212891	-113.131485
8914.746094	-112.430275
8936.279297	-109.133217
8957.812500	-107.174767
8979.345703	-107.609901
9000.878906	-106.507469
9022.412109	-105.585747
9043.945312	-107.652122
9065.478516	-104.491272
9087.011719	-100.657097
9108.544922	-100.407875
9130.078125	-98.973915
9151.611328	-98.333031
9173.144531	-100.504631
9194.677734	-97.936066
9216.210938	-97.640617
9237.744141	-100.018379
9259.277344	-100.937286
9280.810547	-99.102470
9302.343750	-98.096054
9323.876953	-97.849190
9345.410156	-98.757874
9366.943359	-101.526741
9388.476562	-105.166519
9410.009766	-105.015472
9431.542969	-103.020210
9453.076172	-101.235222
9474.609375	-100.531807
9496.142578	-100.769463
9517.675781	-101.058754
9539.208984	-99.654549
9560.742188	-99.526634
9582.275391	-98.337265
9603.808594	-97.078171
9625.341797	-95.968163
9646.875000	-93.012291
9668.408203	-91.263870
9689.941406	-91.837189
9711.474609	-91.966881
9733.007812	-91.892273
9754.541016	-91.973976
9776.074219	-90.795166
9797.607422	-90.945633
9819.140625	-89.603157
9840.673828	-87.212967
9862.207031	-88.222588
9883.740234	-88.680542
9905.273438	-87.508057
9926.806641	-87.698845
9948.339844	-91.124992
9969.873047	-86.348167
9991.406250	-80.639473
10012.939453	-81.261047
10034.472656	-80.154800
10056.005859	-80.165848
10077.539062	-84.496284
10099.072266	-89.107941
10120.605469	-82.950249
10142.138672	-82.502472
10163.671875	-80.238998
10185.205078	-81.954048
10206.738281	-82.372421
10228.271484	-84.223366
10249.804688	-85.685555
10271.337891	-89.514732
10292.871094	-88.107964
10314.404297	-88.290695
10335.937500	-88.053314
10357.470703	-82.012207
10379.003906	-81.491676
10400.537109	-82.642632
10422.070312	-86.238182
10443.603516	-86.096458
10465.136719	-85.899796
10486.669922	-87.964256
10508.203125	-86.105743
10529.736328	-83.987587
10551.269531	-80.198730
10572.802734	-81.788681
10594.335938	-85.751717
10615.869141	-87.452209
10637.402344	-85.912262
10658.935547	-82.793907
10680.468750	-83.476547
10702.001953	-83.486580
10723.535156	-83.423431
10745.068359	-86.868347
10766.601562	-88.644173
10788.134766	-89.894882
10809.667969	-91.471817
10831.201172	-94.549187
10852.734375	-94.710487
10874.267578	-95.957161
10895.800781	-99.566521
10917.333984	-99.411163
10938.867188	-98.359337
10960.400391	-100.165825
10981.933594	-100.557312
11003.466797	-100.883842
11025.000000	-99.806839
11046.533203	-96.366936
11068.066406	-93.133842
11089.599609	-93.658646
11111.132812	-94.848763
11132.666016	-97.295677
11154.199219	-97.657043
11175.732422	-95.899689
11197.265625	-94.631615
11218.798828	-95.171860
11240.332031	-97.383766
11261.865234	-95.706520
11283.398438	-95.118851
11304.931641	-95.659668
11326.464844	-86.471336
11347.998047	-86.357224
11369.531250	-86.570068
11391.064453	-85.996559
11412.597656	-87.199059
11434.130859	-87.131714
11455.664062	-88.860229
11477.197266	-87.849129
11498.730469	-87.602364
11520.263672	-88.082657
11541.796875	-91.215034
11563.330078	-85.920044
11584.863281	-87.622070
11606.396484	-91.642456
11627.929688	-87.435448
11649.462891	-86.819084
11670.996094	-85.979439
11692.529297	-87.005867
11714.062500	-89.957932
11735.595703	-89.158974
11757.128906	-90.421036
11778.662109	-94.652267
11800.195312	-95.545631
11821.728516	-89.182541
11843.261719	-87.665306
11864.794922	-92.645905
11886.328125	-95.406715
11907.861328	-94.495354
11929.394531	-96.548531
11950.927734	-92.587135
11972.460938	-90.961601
11993.994141	-87.949196
12015.527344	-90.850510
12037.060547	-93.091469
12058.593750	-88.854507
12080.126953	-85.851181
12101.660156	-88.786430
12123.193359	-86.885254
12144.726562	-87.074974
12166.259766	-88.761536
12187.792969	-85.485031
12209.326172	-87.641922
12230.859375	-90.938637
12252.392578	-92.483276
12273.925781	-90.400459
12295.458984	-88.981682
12316.992188	-89.014633
12338.525391	-93.615852
12360.058594	-99.253159
12381.591797	-99.288132
12403.125000	-100.633789
12424.658203	-102.121902
12446.191406	-103.958122
12467.724609	-102.322258
12489.257812	-101.634750
12510.791016	-102.617508
12532.324219	-104.804085
12553.857422	-105.583405
12575.390625	-104.732155
12596.923828	-105.097221
12618.457031	-107.866341
12639.990234	-110.795349
12661.523438	-111.244858
12683.056641	-109.975693
12704.589844	-111.788177
12726.123047	-112.383369
12747.656250	-112.993065
12769.189453	-112.389755
12790.722656	-113.075256
12812.255859	-112.857803
12833.789062	-113.922623
12855.322266	-114.621742
12876.855469	-113.783501
12898.388672	-112.970520
12919.921875	-112.989075
12941.455078	-116.433891
12962.988281	-116.472351
12984.521484	-117.237686
13006.054688	-120.091202
13027.587891	-120.785484
13049.121094	-120.733711
13070.654297	-119.918335
13092.187500	-119.411705
13113.720703	-119.236565
13135.253906	-119.665337
13156.787109	-120.073318
13178.320312	-120.082336
13199.853516	-119.803513
13221.386719	-118.977097
13242.919922	-116.814255
13264.453125	-116.652855
13285.986328	-117.716759
13307.519531	-117.104156
13329.052734	-112.878479
13350.585938	-112.122246
13372.119141	-114.460419
13393.652344	-116.337776
13415.185547	-118.630714
13436.718750	-113.542686
13458.251953	-107.793938
13479.785156	-106.132309
13501.318359	-105.898689
13522.851562	-106.788635
13544.384766	-107.836334
13565.917969	-103.442535
13587.451172	-102.017570
13608.984375	-95.766693
13630.517578	-95.216461
13652.050781	-97.305122
13673.583984	-98.626495
13695.117188	-101.182785
13716.650391	-99.503967
13738.183594	-98.402214
13759.716797	-97.184525
13781.250000	-96.848053
13802.783203	-99.302162
13824.316406	-97.448990
13845.849609	-97.335701
13867.382812	-99.011475
13888.916016	-98.146065
13910.449219	-95.695908
13931.982422	-94.710487
13953.515625	-98.109726
13975.048828	-97.924309
13996.582031	-100.810570
14018.115234	-97.233444
14039.648438	-96.140533
14061.181641	-96.934998
14082.714844	-97.573647
14104.248047	-103.605202
14125.781250	-104.160057
14147.314453	-102.201729
14168.847656	-99.792503
14190.380859	-99.760757
14211.914062	-100.077614
14233.447266	-98.717216
14254.980469	-96.889069
14276.513672	-97.991615
14298.046875	-99.083168
14319.580078	-99.273071
14341.113281	-98.620850
14362.646484	-98.129387
14384.179688	-100.785385
14405.712891	-105.990845
14427.246094	-106.102135
14448.779297	-105.450249
14470.312500	-104.579857
14491.845703	-104.838142
14513.378906	-106.643089
14534.912109	-106.910934
14556.445312	-105.477516
14577.978516	-99.345741
14599.511719	-99.062576
14621.044922	-100.270096
14642.578125	-98.649048
14664.111328	-98.949699
14685.644531	-100.139107
14707.177734	-98.047226
14728.710938	-98.158577
14750.244141	-101.014732
14771.777344	-103.434334
14793.310547	-102.818489
14814.843750	-101.544449
14836.376953	-101.154823
14857.910156	-100.140244
14879.443359	-99.334724
14900.976562	-99.460106
14922.509766	-99.762642
14944.042969	-98.489120
14965.576172	-97.927132
14987.109375	-98.441879
15008.642578	-98.558815
15030.175781	-96.356857
15051.708984	-95.806206
15073.242188	-94.669861
15094.775391	-92.997154
15116.308594	-92.301170
15137.841797	-94.417488
15159.375000	-99.130463
15180.908203	-99.539421
15202.441406	-98.887657
15223.974609	-100.034615
15245.507812	-98.095009
15267.041016	-96.943253
15288.574219	-98.588913
15310.107422	-100.231972
15331.640625	-101.051964
15353.173828	-100.307953
15374.707031	-98.380173
15396.240234	-100.895187
15417.773438	-103.546654
15439.306641	-100.982506
15460.839844	-97.555191
15482.373047	-98.537308
15503.906250	-105.295570
15525.439453	-105.623398
15546.972656	-103.778969
15568.505859	-104.050705
15590.039062	-101.498894
15611.572266	-100.511757
15633.105469	-99.604454
15654.638672	-99.060951
15676.171875	-99.851166
15697.705078	-100.918411
15719.238281	-105.911125
15740.771484	-105.134567
15762.304688	-101.304176
15783.837891	-99.137001
15805.371094	-101.092010
15826.904297	-101.024559
15848.437500	-99.132011
15869.970703	-100.400780
15891.503906	-97.258881
15913.037109	-99.929749
15934.570312	-94.974777
15956.103516	-93.951508
15977.636719	-97.800232
15999.169922	-98.159485
16020.703125	-95.410934
16042.236328	-96.650940
16063.769531	-96.049805
16085.302734	-95.892769
16106.835938	-95.934570
16128.369141	-101.425468
16149.902344	-100.160370
16171.435547	-98.913826
16192.968750	-102.007713
16214.501953	-101.648804
16236.035156	-100.364563
16257.568359	-99.136398
16279.101562	-99.883698
16300.634766	-109.529541
16322.167969	-101.167397
16343.701172	-102.909149
16365.234375	-101.927200
16386.767578	-102.167206
16408.300781	-101.784233
16429.833984	-101.617683
16451.367188	-101.992447
16472.900391	-106.573952
16494.433594	-104.048721
16515.966797	-106.495789
16537.500000	-108.685013
16559.033203	-115.232811
16580.566406	-114.761116
16602.099609	-108.428123
16623.632812	-106.889725
16645.166016	-107.110512
16666.699219	-105.796440
16688.232422	-103.624863
16709.765625	-99.926888
16731.298828	-99.865662
16752.832031	-106.134293
16774.365234	-101.397285
16795.898438	-103.793793
16817.431641	-107.691727
16838.964844	-105.321686
16860.498047	-107.167107
16882.031250	-115.349487
16903.564453	-122.576363
16925.097656	-122.841331
16946.630859	-123.025803
16968.164062	-124.101494
16989.697266	-123.759865
17011.230469	-122.741539
17032.763672	-122.685951
17054.296875	-122.980759
17075.830078	-123.404427
17097.363281	-123.936882
17118.896484	-124.167221
17140.429688	-123.830307
17161.962891	-123.118752
17183.496094	-122.727692
17205.029297	-123.383034
17226.562500	-123.829391
17248.095703	-123.499985
17269.628906	-123.024513
17291.162109	-123.678772
17312.695312	-123.799576
17334.228516	-124.058784
17355.761719	-124.647499
17377.294922	-124.420494
17398.828125	-123.896957
17420.361328	-122.192055
17441.894531	-122.489182
17463.427734	-122.811050
17484.960938	-123.649994
17506.494141	-124.233093
17528.027344	-123.541161
17549.560547	-123.518784
17571.093750	-123.854774
17592.626953	-124.106392
17614.160156	-123.163597
17635.693359	-122.962189
17657.226562	-123.444542
17678.759766	-124.089340
17700.292969	-124.156769
17721.826172	-123.475845
17743.359375	-122.858871
17764.892578	-123.184669
17786.425781	-122.843819
17807.958984	-122.653862
17829.492188	-123.452141
17851.025391	-123.763435
17872.558594	-122.906853
17894.091797	-122.717613
17915.625000	-123.549789
17937.158203	-123.864876
17958.691406	-123.739052
17980.224609	-123.571724
18001.757812	-123.646538
18023.291016	-123.526558
18044.824219	-123.678909
18066.357422	-123.806290
18087.890625	-124.652069
18109.423828	-123.485146
18130.957031	-123.071411
18152.490234	-122.879745
18174.023438	-122.342743
18195.556641	-113.373390
18217.089844	-104.227959
18238.623047	-100.460823
18260.156250	-103.110260
18281.689453	-105.771820
18303.222656	-105.691788
18324.755859	-105.687553
18346.289062	-103.071854
18367.822266	-96.275757
18389.355469	-97.270294
18410.888672	-100.448112
18432.421875	-103.227158
18453.955078	-101.504761
18475.488281	-104.125542
18497.021484	-103.634758
18518.554688	-104.365204
18540.087891	-102.895279
18561.621094	-102.378052
18583.154297	-110.413155
18604.687500	-120.921951
18626.220703	-122.842407
18647.753906	-122.534157
18669.287109	-121.733490
18690.820312	-123.143120
18712.353516	-123.268883
18733.886719	-123.990852
18755.419922	-124.379005
18776.953125	-123.201790
18798.486328	-123.383308
18820.019531	-123.444237
18841.552734	-123.650215
18863.085938	-124.276299
18884.619141	-123.272278
18906.152344	-122.569740
18927.685547	-123.245766
18949.218750	-123.740791
18970.751953	-122.977013
18992.285156	-123.038124
19013.818359	-124.595322
19035.351562	-122.656242
19056.884766	-122.940331
19078.417969	-122.747101
19099.951172	-122.978638
19121.484375	-123.344803
19143.017578	-123.483788
19164.550781	-123.239601
19186.083984	-123.875679
19207.617188	-123.980637
19229.150391	-123.190804
19250.683594	-123.862732
19272.216797	-124.391747
19293.750000	-123.269310
19315.283203	-123.940018
19336.816406	-123.063095
19358.349609	-123.500114
19379.882812	-123.906136
19401.416016	-122.753563
19422.949219	-122.386925
19444.482422	-123.188751
19466.015625	-123.726982
19487.548828	-123.974487
19509.082031	-123.830093
19530.615234	-122.791862
19552.148438	-124.051414
19573.681641	-123.705383
19595.214844	-124.660042
19616.748047	-125.237595
19638.281250	-124.163025
19659.814453	-123.621643
19681.347656	-123.297371
19702.880859	-122.585220
19724.414062	-123.770813
19745.947266	-123.713470
19767.480469	-123.019051
19789.013672	-123.713669
19810.546875	-123.453255
19832.080078	-123.405037
19853.613281	-123.899963
19875.146484	-123.038353
19896.679688	-122.336708
19918.212891	-122.646484
19939.746094	-122.427795
19961.279297	-122.577957
19982.812500	-123.924973
20004.345703	-124.472908
20025.878906	-124.455704
20047.412109	-123.715240
20068.945312	-123.122414
20090.478516	-123.241409
20112.011719	-123.043777
20133.544922	-123.611908
20155.078125	-123.578575
20176.611328	-123.139442
20198.144531	-123.259071
20219.677734	-123.586227
20241.210938	-124.218887
20262.744141	-123.399651
20284.277344	-122.989159
20305.810547	-123.008614
20327.343750	-122.574287
20348.876953	-122.857780
20370.410156	-122.743523
20391.943359	-123.636421
20413.476562	-124.210953
20435.009766	-123.997475
20456.542969	-122.459450
20478.076172	-122.820503
20499.609375	-123.379150
20521.142578	-123.885071
20542.675781	-123.767159
20564.208984	-123.788628
20585.742188	-124.150185
20607.275391	-123.683846
20628.808594	-123.353416
20650.341797	-123.207687
20671.875000	-123.995583
20693.408203	-125.102989
20714.941406	-124.054588
20736.474609	-123.673775
20758.007812	-122.909149
20779.541016	-122.787804
20801.074219	-123.839806
20822.607422	-123.592995
20844.140625	-123.744385
20865.673828	-123.852661
20887.207031	-123.860634
20908.740234	-123.558044
20930.273438	-122.975517
20951.806641	-123.475098
20973.339844	-122.865448
20994.873047	-123.256989
21016.406250	-123.848930
21037.939453	-123.841827
21059.472656	-123.558601
21081.005859	-123.253914
21102.539062	-122.971870
21124.072266	-124.024826
21145.605469	-123.452568
21167.138672	-123.460381
21188.671875	-123.287720
21210.205078	-123.869942
21231.738281	-122.185081
21253.271484	-121.875359
21274.804688	-122.830666
21296.337891	-123.690292
21317.871094	-123.388702
21339.404297	-123.096573
21360.937500	-122.533165
21382.470703	-123.961433
21404.003906	-123.856567
21425.537109	-123.599297
21447.070312	-123.447433
21468.603516	-123.159477
21490.136719	-123.301804
21511.669922	-123.648422
21533.203125	-123.399689
21554.736328	-122.914429
21576.269531	-124.124512
21597.802734	-123.829056
21619.335938	-123.778809
21640.869141	-122.754601
21662.402344	-123.188171
21683.935547	-124.461090
21705.468750	-123.411819
21727.001953	-123.157219
21748.535156	-122.640419
21770.068359	-123.949120
21791.601562	-123.680344
21813.134766	-123.014977
21834.667969	-124.042854
21856.201172	-123.027718
21877.734375	-123.418800
21899.267578	-123.820259
21920.800781	-122.795059
21942.333984	-123.594719
21963.867188	-123.601295
21985.400391	-122.784714
22006.933594	-122.665863
22028.466797	-123.941475
