Frequency (Hz)	Level (dB)
21.533203	-65.873444
43.066406	-52.028400
64.599609	-47.217487
86.132812	-50.944645
107.666016	-53.107773
129.199219	-50.257229
150.732422	-51.770176
172.265625	-51.071754
193.798828	-41.799576
215.332031	-36.948486
236.865234	-33.045723
258.398438	-24.043617
279.931641	-27.124657
301.464844	-30.974113
322.998047	-20.929152
344.531250	-23.215557
366.064453	-31.199566
387.597656	-23.513098
409.130859	-26.880070
430.664062	-42.073460
452.197266	-47.163746
473.730469	-49.306999
495.263672	-41.415527
516.796875	-32.090206
538.330078	-32.799938
559.863281	-42.023838
581.396484	-47.504677
602.929688	-48.215370
624.462891	-49.745808
645.996094	-33.748795
667.529297	-31.120047
689.062500	-40.043488
710.595703	-55.064854
732.128906	-56.970646
753.662109	-50.786556
775.195312	-32.731358
796.728516	-30.184013
818.261719	-39.990444
839.794922	-57.975903
861.328125	-65.710609
882.861328	-69.937424
904.394531	-68.514450
925.927734	-62.914669
947.460938	-61.632172
968.994141	-53.764336
990.527344	-46.745190
1012.060547	-50.269810
1033.593750	-55.482281
1055.126953	-50.720734
1076.660156	-55.795090
1098.193359	-65.466568
1119.726562	-67.698090
1141.259766	-65.518005
1162.792969	-51.088726
1184.326172	-46.092155
1205.859375	-50.895351
1227.392578	-63.085827
1248.925781	-65.456863
1270.458984	-66.319611
1291.992188	-59.658352
1313.525391	-46.465855
1335.058594	-45.290848
1356.591797	-53.543423
1378.125000	-67.108650
1399.658203	-73.655167
1421.191406	-75.590424
1442.724609	-72.917862
1464.257812	-72.552849
1485.791016	-75.403023
1507.324219	-78.598122
1528.857422	-72.462440
1550.390625	-61.731842
1571.923828	-48.655327
1593.457031	-44.088310
1614.990234	-50.813396
1636.523438	-58.140305
1658.056641	-47.717258
1679.589844	-48.613628
1701.123047	-61.334911
1722.656250	-76.037064
1744.189453	-80.543320
1765.722656	-80.935043
1787.255859	-81.516365
1808.789062	-78.494171
1830.322266	-72.010292
1851.855469	-59.076557
1873.388672	-58.693756
1894.921875	-69.831993
1916.455078	-78.297577
1937.988281	-77.066521
1959.521484	-66.599442
1981.054688	-59.694305
2002.587891	-56.442257
2024.121094	-60.967995
2045.654297	-74.207413
2067.187500	-83.011101
2088.720703	-80.532593
2110.253906	-76.144218
2131.787109	-69.983795
2153.320312	-73.253639
2174.853516	-85.765579
2196.386719	-88.303207
2217.919922	-89.544403
2239.453125	-89.847618
2260.986328	-88.667511
2282.519531	-89.640083
2304.052734	-84.503899
2325.585938	-70.539124
2347.119141	-60.935684
2368.652344	-62.142460
2390.185547	-71.683098
2411.718750	-74.552032
2433.251953	-79.804352
2454.785156	-91.910492
2476.318359	-94.681252
2497.851562	-93.603256
2519.384766	-91.589867
2540.917969	-90.881561
2562.451172	-89.653557
2583.984375	-93.575706
2605.517578	-96.179092
2627.050781	-95.149742
2648.583984	-92.567619
2670.117188	-85.297081
2691.650391	-76.959335
2713.183594	-78.151230
2734.716797	-87.455681
2756.250000	-93.599648
2777.783203	-87.339073
2799.316406	-83.739517
2820.849609	-87.232803
2842.382812	-94.088242
2863.916016	-96.371742
2885.449219	-95.837158
2906.982422	-97.265182
2928.515625	-99.133179
2950.048828	-95.941734
2971.582031	-88.780243
2993.115234	-89.203194
3014.648438	-96.562683
3036.181641	-96.212273
3057.714844	-94.073708
3079.248047	-96.707802
3100.781250	-99.866600
3122.314453	-98.061195
3143.847656	-97.587929
3165.380859	-97.803123
3186.914062	-95.655678
3208.447266	-96.140564
3229.980469	-90.368507
3251.513672	-81.668854
3273.046875	-79.323898
3294.580078	-87.789383
3316.113281	-95.743988
3337.646484	-97.342079
3359.179688	-98.605003
3380.712891	-98.009804
3402.246094	-96.884117
3423.779297	-95.019508
3445.312500	-97.032059
3466.845703	-99.273781
3488.378906	-99.298210
3509.912109	-99.083336
3531.445312	-95.176796
3552.978516	-88.226562
3574.511719	-89.889824
3596.044922	-97.985001
3617.578125	-99.203300
3639.111328	-98.726418
3660.644531	-97.210770
3682.177734	-96.706253
3703.710938	-97.373329
3725.244141	-97.056465
3746.777344	-97.278229
3768.310547	-96.964104
3789.843750	-92.804443
3811.376953	-93.490669
3832.910156	-94.060135
3854.443359	-93.237465
3875.976562	-95.369919
3897.509766	-99.177437
3919.042969	-100.086739
3940.576172	-100.534630
3962.109375	-100.608170
3983.642578	-100.744804
4005.175781	-100.529457
4026.708984	-101.413391
4048.242188	-102.396500
4069.775391	-102.082794
4091.308594	-102.087669
4112.841797	-100.607407
4134.375000	-101.630753
4155.908203	-102.759056
4177.441406	-101.222313
4198.974609	-102.415176
4220.507812	-103.559250
4242.041016	-104.889709
4263.574219	-105.273056
4285.107422	-105.536888
4306.640625	-105.895340
4328.173828	-105.824265
4349.707031	-106.276146
4371.240234	-106.247444
4392.773438	-106.275749
4414.306641	-107.181107
4435.839844	-108.220634
4457.373047	-109.250099
4478.906250	-108.922119
4500.439453	-109.055138
4521.972656	-109.907051
4543.505859	-109.261719
4565.039062	-109.835197
4586.572266	-110.229782
4608.105469	-111.643875
4629.638672	-113.262901
4651.171875	-114.812332
4672.705078	-115.223152
4694.238281	-114.349251
4715.771484	-113.726562
4737.304688	-114.063263
4758.837891	-114.423759
4780.371094	-113.628487
4801.904297	-114.271004
4823.437500	-114.989845
4844.970703	-112.954941
4866.503906	-112.007217
4888.037109	-112.091118
4909.570312	-110.319580
4931.103516	-109.649559
4952.636719	-108.731178
4974.169922	-108.852638
4995.703125	-108.975166
5017.236328	-107.867790
5038.769531	-106.774551
5060.302734	-106.653099
5081.835938	-106.422264
5103.369141	-105.609016
5124.902344	-105.404625
5146.435547	-105.366608
5167.968750	-105.218002
5189.501953	-103.862022
5211.035156	-103.603271
5232.568359	-104.364014
5254.101562	-104.621712
5275.634766	-104.410027
5297.167969	-104.096230
5318.701172	-102.158264
5340.234375	-102.507576
5361.767578	-103.647507
5383.300781	-102.170624
5404.833984	-101.925629
5426.367188	-101.762054
5447.900391	-101.535507
5469.433594	-101.232780
5490.966797	-101.450104
5512.500000	-101.564331
5534.033203	-101.983810
5555.566406	-102.320999
5577.099609	-101.784981
5598.632812	-100.832718
5620.166016	-100.995308
5641.699219	-100.779999
5663.232422	-101.068077
5684.765625	-100.533424
5706.298828	-99.367851
5727.832031	-100.195244
5749.365234	-100.343826
5770.898438	-99.832886
5792.431641	-100.262604
5813.964844	-101.082741
5835.498047	-100.838669
5857.031250	-100.577263
5878.564453	-99.852325
5900.097656	-97.252075
5921.630859	-97.737549
5943.164062	-99.028557
5964.697266	-98.537468
5986.230469	-100.265495
6007.763672	-99.911552
6029.296875	-98.819832
6050.830078	-98.473511
6072.363281	-98.278732
6093.896484	-98.878548
6115.429688	-99.903175
6136.962891	-99.806480
6158.496094	-97.610062
6180.029297	-96.323982
6201.562500	-97.958969
6223.095703	-99.307648
6244.628906	-98.870537
6266.162109	-97.356537
6287.695312	-96.294853
6309.228516	-95.097794
6330.761719	-94.842476
6352.294922	-96.540939
6373.828125	-97.212837
6395.361328	-97.003891
6416.894531	-97.664284
6438.427734	-98.322151
6459.960938	-95.664131
6481.494141	-91.988861
6503.027344	-91.525146
6524.560547	-91.848198
6546.093750	-90.269295
6567.626953	-92.143517
6589.160156	-98.461098
6610.693359	-91.423721
6632.226562	-93.175079
6653.759766	-95.237556
6675.292969	-96.311935
6696.826172	-97.197556
6718.359375	-98.705406
6739.892578	-99.534935
6761.425781	-98.452377
6782.958984	-97.562714
6804.492188	-97.271515
6826.025391	-97.145889
6847.558594	-98.014999
6869.091797	-97.721519
6890.625000	-97.799301
6912.158203	-98.410973
6933.691406	-98.078712
6955.224609	-98.110374
6976.757812	-97.934120
6998.291016	-98.041107
7019.824219	-97.898697
7041.357422	-98.699539
7062.890625	-98.922485
7084.423828	-99.112694
7105.957031	-98.831108
7127.490234	-99.404091
7149.023438	-99.345009
7170.556641	-98.641434
7192.089844	-99.026596
7213.623047	-98.384644
7235.156250	-98.724571
7256.689453	-98.414169
7278.222656	-98.495804
7299.755859	-100.069267
7321.289062	-99.359558
7342.822266	-99.356766
7364.355469	-99.863792
7385.888672	-99.776154
7407.421875	-99.384079
7428.955078	-100.120323
7450.488281	-100.204559
7472.021484	-101.034874
7493.554688	-101.471054
7515.087891	-100.902344
7536.621094	-101.080154
7558.154297	-101.170998
7579.687500	-101.485794
7601.220703	-102.094818
7622.753906	-101.680077
7644.287109	-101.471542
7665.820312	-101.803650
7687.353516	-102.070305
7708.886719	-101.344536
7730.419922	-101.661201
7751.953125	-102.457573
7773.486328	-101.588860
7795.019531	-102.156929
7816.552734	-102.611389
7838.085938	-102.626442
7859.619141	-101.953995
7881.152344	-101.631401
7902.685547	-102.499367
7924.218750	-103.944351
7945.751953	-103.429649
7967.285156	-104.226006
7988.818359	-103.152138
8010.351562	-102.289040
8031.884766	-102.190849
8053.417969	-102.216934
8074.951172	-102.058594
8096.484375	-102.982414
8118.017578	-103.880249
8139.550781	-103.035400
8161.083984	-103.086243
8182.617188	-104.431732
8204.150391	-104.511200
8225.683594	-104.989235
8247.216797	-105.534836
8268.750000	-105.953674
8290.283203	-104.927582
8311.816406	-105.429977
8333.349609	-105.534081
8354.882812	-106.884827
8376.416016	-107.176109
8397.949219	-106.492584
8419.482422	-106.191826
8441.015625	-106.056282
8462.548828	-107.285057
8484.082031	-107.360504
8505.615234	-108.042740
8527.148438	-108.936821
8548.681641	-108.881477
8570.214844	-109.449265
8591.748047	-111.145103
8613.281250	-112.498665
8634.814453	-112.720032
8656.347656	-113.466644
8677.880859	-114.376740
8699.414062	-116.938805
8720.947266	-119.278656
8742.480469	-119.646027
8764.013672	-121.819221
8785.546875	-123.567719
8807.080078	-123.045509
8828.613281	-123.507248
8850.146484	-123.389771
8871.679688	-123.040520
8893.212891	-122.784454
8914.746094	-122.177368
8936.279297	-122.811546
8957.812500	-122.739334
8979.345703	-122.611366
9000.878906	-123.345047
9022.412109	-122.955315
9043.945312	-123.232552
9065.478516	-122.140266
9087.011719	-118.904190
9108.544922	-117.226646
9130.078125	-117.601311
9151.611328	-115.990868
9173.144531	-114.423538
9194.677734	-113.362854
9216.210938	-112.022018
9237.744141	-111.007492
9259.277344	-110.916206
9280.810547	-110.772186
9302.343750	-109.993103
9323.876953	-109.320625
9345.410156	-109.271576
9366.943359	-108.635315
9388.476562	-108.540947
9410.009766	-108.112793
9431.542969	-107.647835
9453.076172	-106.860107
9474.609375	-106.513771
9496.142578	-106.331665
9517.675781	-105.565666
9539.208984	-105.555893
9560.742188	-105.546082
9582.275391	-105.051453
9603.808594	-105.406807
9625.341797	-106.090576
9646.875000	-105.098404
9668.408203	-104.928001
9689.941406	-104.526253
9711.474609	-105.042572
9733.007812	-104.411247
9754.541016	-104.027771
9776.074219	-103.938393
9797.607422	-103.832993
9819.140625	-103.326477
9840.673828	-103.974556
9862.207031	-104.806145
9883.740234	-103.485466
9905.273438	-103.082970
9926.806641	-104.089668
9948.339844	-103.967003
9969.873047	-103.343956
9991.406250	-102.990646
10012.939453	-103.156136
10034.472656	-102.232773
10056.005859	-101.517822
10077.539062	-101.017387
10099.072266	-101.810844
10120.605469	-102.143272
10142.138672	-101.551987
10163.671875	-101.804237
10185.205078	-102.113579
10206.738281	-102.040253
10228.271484	-102.009109
10249.804688	-102.139336
10271.337891	-101.853752
10292.871094	-101.924728
10314.404297	-102.141258
10335.937500	-101.355278
10357.470703	-100.319206
10379.003906	-100.793495
10400.537109	-101.381424
10422.070312	-102.020439
10443.603516	-101.467262
10465.136719	-101.051033
10486.669922	-100.041176
10508.203125	-99.528366
10529.736328	-100.384918
10551.269531	-101.097229
10572.802734	-101.294136
10594.335938	-101.332237
10615.869141	-96.773666
10637.402344	-94.526985
10658.935547	-98.186272
10680.468750	-92.639755
10702.001953	-90.813202
10723.535156	-97.900215
10745.068359	-94.315849
10766.601562	-91.655548
10788.134766	-98.485535
10809.667969	-100.768044
10831.201172	-102.212654
10852.734375	-101.049957
10874.267578	-100.620399
10895.800781	-100.160271
10917.333984	-100.849205
10938.867188	-100.709587
10960.400391	-100.618713
10981.933594	-101.156677
11003.466797	-101.136696
11025.000000	-100.888680
11046.533203	-100.851402
11068.066406	-100.878952
11089.599609	-101.072266
11111.132812	-101.558640
11132.666016	-100.977234
11154.199219	-100.791397
11175.732422	-102.162918
11197.265625	-102.596428
11218.798828	-100.900185
11240.332031	-100.429588
11261.865234	-99.297050
11283.398438	-93.008362
11304.931641	-95.521591
11326.464844	-99.000648
11347.998047	-92.366501
11369.531250	-94.055534
11391.064453	-99.405876
11412.597656	-96.281898
11434.130859	-98.501961
11455.664062	-101.170525
11477.197266	-102.317032
11498.730469	-102.294426
11520.263672	-101.821693
11541.796875	-101.515701
11563.330078	-102.441666
11584.863281	-103.098969
11606.396484	-102.857643
11627.929688	-102.191246
11649.462891	-102.059090
11670.996094	-102.149017
11692.529297	-103.129402
11714.062500	-103.392525
11735.595703	-102.831535
11757.128906	-103.678955
11778.662109	-102.922340
11800.195312	-103.235390
11821.728516	-104.076729
11843.261719	-103.606339
11864.794922	-104.206345
11886.328125	-104.283234
11907.861328	-104.143120
11929.394531	-104.641296
11950.927734	-104.795120
11972.460938	-105.786057
11993.994141	-104.805580
12015.527344	-104.129089
12037.060547	-103.467796
12058.593750	-104.299355
12080.126953	-103.652534
12101.660156	-104.421730
12123.193359	-105.589973
12144.726562	-105.343224
12166.259766	-105.950638
12187.792969	-106.820137
12209.326172	-107.112831
12230.859375	-107.612373
12252.392578	-107.132912
12273.925781	-106.847931
12295.458984	-106.043167
12316.992188	-105.911629
12338.525391	-106.854332
12360.058594	-107.546387
12381.591797	-106.626030
12403.125000	-107.282547
12424.658203	-108.060234
12446.191406	-107.813889
12467.724609	-107.397774
12489.257812	-107.976631
12510.791016	-108.451538
12532.324219	-109.239243
12553.857422	-110.568016
12575.390625	-110.113014
12596.923828	-110.101395
12618.457031	-111.432800
12639.990234	-112.276749
12661.523438	-111.360672
12683.056641	-112.189606
12704.589844	-112.783211
12726.123047	-113.409996
12747.656250	-112.727058
12769.189453	-112.787186
12790.722656	-113.688713
12812.255859	-114.680412
12833.789062	-115.875847
12855.322266	-118.087830
12876.855469	-119.183174
12898.388672	-119.304413
12919.921875	-121.166466
12941.455078	-120.364960
12962.988281	-120.957840
12984.521484	-121.592331
13006.054688	-120.665115
13027.587891	-120.555290
13049.121094	-122.654236
13070.654297	-124.219330
13092.187500	-123.977066
13113.720703	-123.927948
13135.253906	-122.917847
13156.787109	-122.750717
13178.320312	-123.430290
13199.853516	-123.641449
13221.386719	-123.842636
13242.919922	-123.570923
13264.453125	-123.487709
13285.986328	-122.907524
13307.519531	-123.141434
13329.052734	-123.425568
13350.585938	-123.691360
13372.119141	-123.471840
13393.652344	-121.257874
13415.185547	-119.815277
13436.718750	-120.056000
13458.251953	-119.248123
13479.785156	-117.231705
13501.318359	-115.705574
13522.851562	-116.445244
13544.384766	-115.747505
13565.917969	-116.318222
13587.451172	-117.463142
13608.984375	-115.324097
13630.517578	-114.127304
13652.050781	-114.222130
13673.583984	-114.151962
13695.117188	-112.807297
13716.650391	-113.290810
13738.183594	-114.020439
13759.716797	-113.605019
13781.250000	-111.490952
13802.783203	-109.794693
13824.316406	-108.768341
13845.849609	-107.196411
13867.382812	-107.506210
13888.916016	-107.349297
13910.449219	-107.177391
13931.982422	-107.356438
13953.515625	-106.637703
13975.048828	-106.839409
13996.582031	-107.004082
14018.115234	-106.587868
14039.648438	-106.959572
14061.181641	-106.636948
14082.714844	-106.799080
14104.248047	-107.142853
14125.781250	-107.474709
14147.314453	-106.837700
14168.847656	-106.733627
14190.380859	-107.450485
14211.914062	-107.419533
14233.447266	-107.003288
14254.980469	-106.488022
14276.513672	-106.535515
14298.046875	-106.709030
14319.580078	-106.230385
14341.113281	-105.928299
14362.646484	-105.772507
14384.179688	-104.821907
14405.712891	-105.401817
14427.246094	-105.856216
14448.779297	-105.279953
14470.312500	-105.402458
14491.845703	-105.503960
14513.378906	-105.386086
14534.912109	-105.370560
14556.445312	-104.715118
14577.978516	-104.894173
14599.511719	-104.696495
14621.044922	-103.538277
14642.578125	-104.403778
14664.111328	-105.734406
14685.644531	-105.180191
14707.177734	-104.020851
14728.710938	-104.566963
14750.244141	-104.542625
14771.777344	-104.717316
14793.310547	-105.429024
14814.843750	-105.048492
14836.376953	-105.413086
14857.910156	-105.949104
14879.443359	-105.320114
14900.976562	-104.490219
14922.509766	-104.350220
14944.042969	-104.564903
14965.576172	-105.416634
14987.109375	-105.121147
15008.642578	-104.955147
15030.175781	-104.494530
15051.708984	-105.316757
15073.242188	-105.633469
15094.775391	-104.837196
15116.308594	-104.490662
15137.841797	-104.962479
15159.375000	-104.778030
15180.908203	-104.268242
15202.441406	-104.250816
15223.974609	-104.624962
15245.507812	-104.161591
15267.041016	-102.938545
15288.574219	-103.658249
15310.107422	-104.533577
15331.640625	-104.021942
15353.173828	-103.998749
15374.707031	-105.336739
15396.240234	-105.171120
15417.773438	-104.380096
15439.306641	-104.180817
15460.839844	-104.376427
15482.373047	-103.917068
15503.906250	-103.525467
15525.439453	-103.727104
15546.972656	-104.978348
15568.505859	-105.853981
15590.039062	-105.425484
15611.572266	-105.059937
15633.105469	-105.619659
15654.638672	-106.390724
15676.171875	-105.010918
15697.705078	-104.454361
15719.238281	-104.478394
15740.771484	-105.747589
15762.304688	-106.504417
15783.837891	-105.325172
15805.371094	-105.927322
15826.904297	-105.803650
15848.437500	-107.392960
15869.970703	-114.541779
15891.503906	-122.880707
15913.037109	-123.200951
15934.570312	-123.499840
15956.103516	-123.369858
15977.636719	-123.275795
15999.169922	-123.391335
16020.703125	-123.287605
16042.236328	-123.469849
16063.769531	-123.738617
16085.302734	-123.056999
16106.835938	-122.433746
16128.369141	-123.100876
16149.902344	-123.131165
16171.435547	-123.484619
16192.968750	-123.405197
16214.501953	-122.829056
16236.035156	-123.094841
16257.568359	-123.378693
16279.101562	-122.674652
16300.634766	-123.278030
16322.167969	-123.547897
16343.701172	-123.441490
16365.234375	-124.067970
16386.767578	-122.803047
16408.300781	-123.302467
16429.833984	-123.180756
16451.367188	-123.254120
16472.900391	-122.682358
16494.433594	-122.684219
16515.966797	-122.577354
16537.500000	-122.237770
16559.033203	-122.854851
16580.566406	-122.836212
16602.099609	-123.488792
16623.632812	-123.532005
16645.166016	-123.209068
16666.699219	-123.792618
16688.232422	-123.396538
16709.765625	-122.544937
16731.298828	-124.136261
16752.832031	-124.123955
16774.365234	-122.797081
16795.898438	-123.354599
16817.431641	-123.293022
16838.964844	-123.493446
16860.498047	-124.229393
16882.031250	-124.410225
16903.564453	-123.707054
16925.097656	-123.621033
16946.630859	-124.008652
16968.164062	-124.246292
16989.697266	-124.214058
17011.230469	-124.522148
17032.763672	-124.185974
17054.296875	-123.652611
17075.830078	-124.044022
17097.363281	-123.769341
17118.896484	-123.563515
17140.429688	-123.394341
17161.962891	-123.663635
17183.496094	-124.356903
17205.029297	-123.148613
17226.562500	-123.363853
17248.095703	-122.753494
17269.628906	-122.420647
17291.162109	-122.557739
17312.695312	-122.457245
17334.228516	-122.320938
17355.761719	-122.693474
17377.294922	-122.694855
17398.828125	-123.711464
17420.361328	-123.854301
17441.894531	-123.592476
17463.427734	-123.632187
17484.960938	-123.044441
17506.494141	-123.098991
17528.027344	-123.138794
17549.560547	-123.312096
17571.093750	-123.461311
17592.626953	-124.043076
17614.160156	-123.278275
17635.693359	-123.497963
17657.226562	-123.490227
17678.759766	-123.423439
17700.292969	-123.125595
17721.826172	-123.441803
17743.359375	-122.974281
17764.892578	-123.118294
17786.425781	-123.608475
17807.958984	-123.824783
17829.492188	-123.499771
17851.025391	-123.054749
17872.558594	-123.253593
17894.091797	-123.728348
17915.625000	-123.169769
17937.158203	-123.436546
17958.691406	-123.288193
17980.224609	-122.767273
18001.757812	-122.803070
18023.291016	-124.224915
18044.824219	-123.604149
18066.357422	-123.253929
18087.890625	-123.573532
18109.423828	-123.771828
18130.957031	-124.119637
18152.490234	-123.209671
18174.023438	-123.134857
18195.556641	-122.775490
18217.089844	-122.659714
18238.623047	-122.653709
18260.156250	-122.920319
18281.689453	-123.033257
18303.222656	-122.774124
18324.755859	-123.212280
18346.289062	-123.758575
18367.822266	-123.872574
18389.355469	-124.301338
18410.888672	-123.888878
18432.421875	-123.166855
18453.955078	-123.622162
18475.488281	-123.401230
18497.021484	-123.367897
18518.554688	-124.229721
18540.087891	-123.687592
18561.621094	-122.955803
18583.154297	-122.551064
18604.687500	-123.280128
18626.220703	-122.823952
18647.753906	-122.404282
18669.287109	-122.577744
18690.820312	-122.532646
18712.353516	-123.867874
18733.886719	-124.344795
18755.419922	-123.976616
18776.953125	-123.763657
18798.486328	-123.275017
18820.019531	-122.570015
18841.552734	-122.175346
18863.085938	-123.062027
18884.619141	-123.133163
18906.152344	-123.716858
18927.685547	-123.577782
18949.218750	-123.830956
18970.751953	-123.128754
18992.285156	-122.830994
19013.818359	-122.668976
19035.351562	-122.652321
19056.884766	-123.608368
19078.417969	-124.423424
19099.951172	-124.857483
19121.484375	-123.802521
19143.017578	-123.151215
19164.550781	-122.927795
19186.083984	-124.027382
19207.617188	-124.565216
19229.150391	-124.747719
19250.683594	-123.965088
19272.216797	-122.868484
19293.750000	-122.957039
19315.283203	-123.787254
19336.816406	-123.735863
19358.349609	-122.906418
19379.882812	-122.898758
19401.416016	-123.128525
19422.949219	-123.595558
19444.482422	-124.198402
19466.015625	-123.570267
19487.548828	-123.060623
19509.082031	-122.642136
19530.615234	-122.545792
19552.148438	-123.785912
19573.681641	-123.333183
19595.214844	-123.370499
19616.748047	-123.512108
19638.281250	-123.731392
19659.814453	-122.728813
19681.347656	-123.005035
19702.880859	-124.157097
19724.414062	-124.118774
19745.947266	-123.690346
19767.480469	-123.234833
19789.013672	-122.812294
19810.546875	-122.857735
19832.080078	-123.341431
19853.613281	-123.960983
19875.146484	-123.719673
19896.679688	-123.619659
19918.212891	-123.329758
19939.746094	-123.106964
19961.279297	-123.357811
19982.812500	-123.204567
20004.345703	-123.562889
20025.878906	-124.079094
20047.412109	-123.378807
20068.945312	-123.341843
20090.478516	-123.344627
20112.011719	-123.313225
20133.544922	-123.810417
20155.078125	-123.961891
20176.611328	-124.007889
20198.144531	-124.208351
20219.677734	-123.050598
20241.210938	-123.189262
20262.744141	-123.072479
20284.277344	-123.110229
20305.810547	-123.857628
20327.343750	-123.303497
20348.876953	-123.265900
20370.410156	-123.856476
20391.943359	-124.760231
20413.476562	-124.573540
20435.009766	-124.109657
20456.542969	-122.932266
20478.076172	-122.636383
20499.609375	-122.641716
20521.142578	-122.483368
20542.675781	-123.413948
20564.208984	-123.805634
20585.742188	-123.674850
20607.275391	-123.321793
20628.808594	-123.580193
20650.341797	-123.532944
20671.875000	-123.658905
20693.408203	-123.051834
20714.941406	-122.956085
20736.474609	-123.085899
20758.007812	-123.261940
20779.541016	-124.093086
20801.074219	-123.776703
20822.607422	-123.360390
20844.140625	-123.614258
20865.673828	-123.654343
20887.207031	-123.788101
20908.740234	-123.774818
20930.273438	-123.934898
20951.806641	-124.675247
20973.339844	-123.727509
20994.873047	-123.120026
21016.406250	-123.148819
21037.939453	-123.324944
21059.472656	-122.161270
21081.005859	-123.013840
21102.539062	-122.837540
21124.072266	-123.521149
21145.605469	-123.065964
21167.138672	-122.992775
21188.671875	-122.708496
21210.205078	-123.428642
21231.738281	-123.764099
21253.271484	-123.382729
21274.804688	-123.016991
21296.337891	-123.903870
21317.871094	-124.022545
21339.404297	-123.271431
21360.937500	-122.968132
21382.470703	-124.021004
21404.003906	-124.010696
21425.537109	-123.303398
21447.070312	-123.379120
21468.603516	-123.316345
21490.136719	-123.453003
21511.669922	-123.606407
21533.203125	-123.506195
21554.736328	-123.479401
21576.269531	-123.203735
21597.802734	-122.490570
21619.335938	-123.669357
21640.869141	-124.643394
21662.402344	-123.787453
21683.935547	-123.698189
21705.468750	-124.086067
21727.001953	-124.044304
21748.535156	-123.157188
21770.068359	-123.720581
21791.601562	-123.521324
21813.134766	-123.102867
21834.667969	-123.037834
21856.201172	-123.214767
21877.734375	-124.053680
21899.267578	-124.290199
21920.800781	-123.623260
21942.333984	-124.056999
21963.867188	-123.716156
21985.400391	-123.111237
22006.933594	-122.697433
22028.466797	-122.992210
