Frequency (Hz)	Level (dB)
21.533203	-63.845512
43.066406	-50.606674
64.599609	-45.165493
86.132812	-44.895077
107.666016	-46.449081
129.199219	-50.618813
150.732422	-51.117313
172.265625	-47.153057
193.798828	-42.152588
215.332031	-40.154541
236.865234	-43.944641
258.398438	-48.718540
279.931641	-49.328064
301.464844	-45.732201
322.998047	-40.903923
344.531250	-36.930779
366.064453	-35.025204
387.597656	-34.312099
409.130859	-37.192390
430.664062	-42.418625
452.197266	-42.247444
473.730469	-49.246094
495.263672	-48.815224
516.796875	-42.050724
538.330078	-40.871758
559.863281	-42.131279
581.396484	-39.383366
602.929688	-35.588959
624.462891	-33.843796
645.996094	-32.578945
667.529297	-29.616924
689.062500	-21.567131
710.595703	-22.176132
732.128906	-34.006565
753.662109	-41.029373
775.195312	-40.366398
796.728516	-39.192142
818.261719	-24.593742
839.794922	-19.331770
861.328125	-24.384706
882.861328	-32.883347
904.394531	-36.909489
925.927734	-37.213345
947.460938	-32.340328
968.994141	-27.765965
990.527344	-24.000690
1012.060547	-27.835232
1033.593750	-39.500660
1055.126953	-41.612709
1076.660156	-41.969303
1098.193359	-46.023037
1119.726562	-52.322941
1141.259766	-56.218525
1162.792969	-60.818756
1184.326172	-59.384510
1205.859375	-55.862083
1227.392578	-52.227554
1248.925781	-48.213673
1270.458984	-46.457817
1291.992188	-48.650936
1313.525391	-53.988197
1335.058594	-58.026588
1356.591797	-54.790241
1378.125000	-45.444645
1399.658203	-39.569996
1421.191406	-43.421482
1442.724609	-53.169285
1464.257812	-53.603077
1485.791016	-52.969021
1507.324219	-55.459312
1528.857422	-56.172356
1550.390625	-56.232464
1571.923828	-59.500530
1593.457031	-62.684612
1614.990234	-58.981876
1636.523438	-55.253544
1658.056641	-41.687744
1679.589844	-34.132305
1701.123047	-37.177498
1722.656250	-50.500103
1744.189453	-53.580593
1765.722656	-58.262215
1787.255859	-61.235104
1808.789062	-63.091248
1830.322266	-65.666718
1851.855469	-57.789436
1873.388672	-57.241039
1894.921875	-59.261425
1916.455078	-57.909893
1937.988281	-59.076199
1959.521484	-46.847038
1981.054688	-38.246407
2002.587891	-40.008945
2024.121094	-48.647522
2045.654297	-52.460903
2067.187500	-54.165058
2088.720703	-47.310608
2110.253906	-43.083984
2131.787109	-47.449322
2153.320312	-59.930904
2174.853516	-65.240105
2196.386719	-69.844261
2217.919922	-74.078468
2239.453125	-68.437286
2260.986328	-69.630676
2282.519531	-72.198639
2304.052734	-69.826332
2325.585938	-67.933853
2347.119141	-65.071075
2368.652344	-65.694344
2390.185547	-69.821075
2411.718750	-72.434845
2433.251953	-73.207489
2454.785156	-67.026741
2476.318359	-66.450363
2497.851562	-61.329693
2519.384766	-55.232212
2540.917969	-54.419193
2562.451172	-61.838238
2583.984375	-69.152321
2605.517578	-73.142433
2627.050781	-78.359634
2648.583984	-75.601944
2670.117188	-71.167908
2691.650391	-69.255417
2713.183594	-70.903969
2734.716797	-72.988594
2756.250000	-69.746101
2777.783203	-65.992310
2799.316406	-57.701778
2820.849609	-51.416904
2842.382812	-53.265808
2863.916016	-64.131165
2885.449219	-71.900078
2906.982422	-76.130013
2928.515625	-74.043617
2950.048828	-66.355751
2971.582031	-53.991909
2993.115234	-49.682880
3014.648438	-53.153557
3036.181641	-64.504631
3057.714844	-75.494987
3079.248047	-74.827324
3100.781250	-78.449547
3122.314453	-82.045784
3143.847656	-79.310158
3165.380859	-80.208183
3186.914062	-83.247604
3208.447266	-84.881081
3229.980469	-86.832230
3251.513672	-89.128563
3273.046875	-83.249847
3294.580078	-82.461693
3316.113281	-78.865829
3337.646484	-72.918640
3359.179688	-65.355400
3380.712891	-59.644279
3402.246094	-58.674988
3423.779297	-66.834366
3445.312500	-82.138222
3466.845703	-79.278618
3488.378906	-74.445564
3509.912109	-69.209587
3531.445312	-66.713989
3552.978516	-64.959282
3574.511719	-66.862358
3596.044922	-71.971069
3617.578125	-72.050072
3639.111328	-75.447128
3660.644531	-78.793327
3682.177734	-77.407967
3703.710938	-81.175545
3725.244141	-82.756294
3746.777344	-81.327042
3768.310547	-82.318573
3789.843750	-78.101852
3811.376953	-80.310440
3832.910156	-81.646721
3854.443359	-81.053322
3875.976562	-80.883972
3897.509766	-79.383270
3919.042969	-79.449493
3940.576172	-80.664429
3962.109375	-79.816963
3983.642578	-76.565567
4005.175781	-70.893776
4026.708984	-68.787109
4048.242188	-69.224121
4069.775391	-76.079376
4091.308594	-81.274231
4112.841797	-85.148506
4134.375000	-88.010544
4155.908203	-83.058144
4177.441406	-82.502640
4198.974609	-84.266418
4220.507812	-80.994247
4242.041016	-73.274384
4263.574219	-65.261848
4285.107422	-66.546402
4306.640625	-73.081779
4328.173828	-78.561470
4349.707031	-86.776123
4371.240234	-87.979485
4392.773438	-88.187027
4414.306641	-88.784996
4435.839844	-92.167229
4457.373047	-97.869583
4478.906250	-101.840012
4500.439453	-103.628967
4521.972656	-103.863518
4543.505859	-100.426247
4565.039062	-94.924629
4586.572266	-93.577705
4608.105469	-97.557457
4629.638672	-100.306931
4651.171875	-101.837799
4672.705078	-106.396736
4694.238281	-105.052658
4715.771484	-103.159203
4737.304688	-103.645073
4758.837891	-104.347519
4780.371094	-104.406517
4801.904297	-107.237030
4823.437500	-105.332451
4844.970703	-103.404182
4866.503906	-99.348869
4888.037109	-96.313972
4909.570312	-94.823181
4931.103516	-96.137634
4952.636719	-93.355476
4974.169922	-92.827156
4995.703125	-91.305565
5017.236328	-82.764458
5038.769531	-76.056396
5060.302734	-72.399490
5081.835938	-75.344391
5103.369141	-78.349022
5124.902344	-82.378876
5146.435547	-83.209938
5167.968750	-77.657990
5189.501953	-83.620270
5211.035156	-92.827072
5232.568359	-90.650589
5254.101562	-89.173347
5275.634766	-90.797295
5297.167969	-88.499825
5318.701172	-88.086174
5340.234375	-88.862343
5361.767578	-87.896072
5383.300781	-88.313866
5404.833984	-87.730377
5426.367188	-86.804146
5447.900391	-87.639236
5469.433594	-92.922394
5490.966797	-97.529083
5512.500000	-92.752258
5534.033203	-91.396210
5555.566406	-88.470093
5577.099609	-88.005516
5598.632812	-91.142281
5620.166016	-90.558304
5641.699219	-89.947990
5663.232422	-91.867889
5684.765625	-91.089401
5706.298828	-88.828094
5727.832031	-88.819351
5749.365234	-87.521515
5770.898438	-73.664330
5792.431641	-67.177376
5813.964844	-68.792374
5835.498047	-75.822334
5857.031250	-86.326241
5878.564453	-84.940536
5900.097656	-87.540840
5921.630859	-90.172028
5943.164062	-89.544434
5964.697266	-85.565880
5986.230469	-83.952271
6007.763672	-78.855995
6029.296875	-76.126534
6050.830078	-76.663193
6072.363281	-74.892166
6093.896484	-81.489807
6115.429688	-87.996216
6136.962891	-83.694946
6158.496094	-81.826401
6180.029297	-85.393204
6201.562500	-90.615669
6223.095703	-92.801224
6244.628906	-98.842567
6266.162109	-98.178925
6287.695312	-91.521118
6309.228516	-89.369667
6330.761719	-92.504402
6352.294922	-93.583237
6373.828125	-91.583092
6395.361328	-88.797531
6416.894531	-94.234116
6438.427734	-86.648186
6459.960938	-84.872627
6481.494141	-86.530998
6503.027344	-86.811699
6524.560547	-86.884697
6546.093750	-86.997658
6567.626953	-85.728752
6589.160156	-82.957954
6610.693359	-78.395180
6632.226562	-82.000519
6653.759766	-90.058449
6675.292969	-92.363190
6696.826172	-86.812241
6718.359375	-88.088356
6739.892578	-86.566154
6761.425781	-86.467400
6782.958984	-94.250977
6804.492188	-88.633949
6826.025391	-86.792084
6847.558594	-86.999931
6869.091797	-87.379173
6890.625000	-90.971649
6912.158203	-93.694031
6933.691406	-94.189384
6955.224609	-93.898926
6976.757812	-94.543015
6998.291016	-88.938080
7019.824219	-88.392067
7041.357422	-93.615273
7062.890625	-97.947517
7084.423828	-98.071388
7105.957031	-95.938965
7127.490234	-95.456619
7149.023438	-97.134712
7170.556641	-91.968651
7192.089844	-85.978447
7213.623047	-81.275108
7235.156250	-83.051880
7256.689453	-90.160194
7278.222656	-94.715637
7299.755859	-97.712669
7321.289062	-96.774231
7342.822266	-97.701477
7364.355469	-98.226074
7385.888672	-96.145477
7407.421875	-91.734718
7428.955078	-92.749367
7450.488281	-98.652451
7472.021484	-97.529297
7493.554688	-99.170525
7515.087891	-100.676163
7536.621094	-100.270287
7558.154297	-100.485420
7579.687500	-101.155609
7601.220703	-100.289963
7622.753906	-99.157776
7644.287109	-100.048744
7665.820312	-100.578468
7687.353516	-100.391579
7708.886719	-100.242844
7730.419922	-101.224869
7751.953125	-102.283638
7773.486328	-100.453438
7795.019531	-100.088203
7816.552734	-101.615761
7838.085938	-101.546730
7859.619141	-101.738083
7881.152344	-103.441635
7902.685547	-103.747543
7924.218750	-102.738884
7945.751953	-99.039223
7967.285156	-96.629601
7988.818359	-99.544426
8010.351562	-102.752983
8031.884766	-103.419601
8053.417969	-101.285797
8074.951172	-100.083595
8096.484375	-100.815567
8118.017578	-101.650558
8139.550781	-100.962936
8161.083984	-100.822021
8182.617188	-101.585663
8204.150391	-101.119553
8225.683594	-94.961662
8247.216797	-90.505722
8268.750000	-90.359673
8290.283203	-93.550659
8311.816406	-99.015808
8333.349609	-100.561333
8354.882812	-95.420128
8376.416016	-98.612022
8397.949219	-100.982849
8419.482422	-97.553978
8441.015625	-97.788391
8462.548828	-103.067368
8484.082031	-106.608253
8505.615234	-105.087166
8527.148438	-106.501945
8548.681641	-106.480209
8570.214844	-104.398888
8591.748047	-106.073845
8613.281250	-109.644020
8634.814453	-111.092361
8656.347656	-110.556366
8677.880859	-111.986694
8699.414062	-112.208916
8720.947266	-112.428993
8742.480469	-113.291191
8764.013672	-113.594246
8785.546875	-112.475906
8807.080078	-114.081757
8828.613281	-113.286140
8850.146484	-113.367493
8871.679688	-113.588585
8893.212891	-113.509918
8914.746094	-112.830757
8936.279297	-113.679047
8957.812500	-113.154900
8979.345703	-113.210556
9000.878906	-114.098297
9022.412109	-113.097496
9043.945312	-112.530792
9065.478516	-113.243042
9087.011719	-111.933380
9108.544922	-109.526031
9130.078125	-110.993362
9151.611328	-111.544022
9173.144531	-110.851562
9194.677734	-110.793823
9216.210938	-110.699471
9237.744141	-108.748878
9259.277344	-109.196175
9280.810547	-109.711647
9302.343750	-108.684265
9323.876953	-107.200249
9345.410156	-107.149887
9366.943359	-106.571999
9388.476562	-107.587608
9410.009766	-106.703491
9431.542969	-106.653847
9453.076172	-106.133324
9474.609375	-105.617882
9496.142578	-105.557556
9517.675781	-104.468697
9539.208984	-104.740501
9560.742188	-105.206703
9582.275391	-104.789360
9603.808594	-105.143097
9625.341797	-105.807495
9646.875000	-106.579460
9668.408203	-105.697098
9689.941406	-104.608307
9711.474609	-103.854057
9733.007812	-105.081802
9754.541016	-105.442612
9776.074219	-103.644531
9797.607422	-104.199623
9819.140625	-104.176857
9840.673828	-104.226067
9862.207031	-103.639038
9883.740234	-102.240379
9905.273438	-103.905914
9926.806641	-104.002495
9948.339844	-101.252853
9969.873047	-100.924049
9991.406250	-101.382431
10012.939453	-101.951187
10034.472656	-102.514259
10056.005859	-103.101662
10077.539062	-102.361183
10099.072266	-102.201447
10120.605469	-102.508430
10142.138672	-101.837112
10163.671875	-101.569283
10185.205078	-99.157402
10206.738281	-100.676254
10228.271484	-101.039085
10249.804688	-102.129684
10271.337891	-102.549667
10292.871094	-102.978355
10314.404297	-99.796478
10335.937500	-99.525352
10357.470703	-101.114738
10379.003906	-101.313591
10400.537109	-101.613930
10422.070312	-100.643196
10443.603516	-100.921295
10465.136719	-101.555580
10486.669922	-100.981583
10508.203125	-100.722626
10529.736328	-101.722527
10551.269531	-101.644371
10572.802734	-101.962639
10594.335938	-101.468224
10615.869141	-100.978035
10637.402344	-100.633270
10658.935547	-101.311440
10680.468750	-100.110321
10702.001953	-100.992638
10723.535156	-102.055664
10745.068359	-101.957687
10766.601562	-101.573296
10788.134766	-101.457108
10809.667969	-101.232613
10831.201172	-101.216408
10852.734375	-101.169250
10874.267578	-101.900909
10895.800781	-102.725075
10917.333984	-102.830299
10938.867188	-102.480057
10960.400391	-101.767395
10981.933594	-101.910164
11003.466797	-102.287224
11025.000000	-103.455177
11046.533203	-103.144295
11068.066406	-102.306122
11089.599609	-102.054443
11111.132812	-101.905243
11132.666016	-100.959549
11154.199219	-101.454254
11175.732422	-103.572586
11197.265625	-101.076134
11218.798828	-99.911552
11240.332031	-101.373131
11261.865234	-102.594223
11283.398438	-101.132965
11304.931641	-100.967285
11326.464844	-101.516739
11347.998047	-100.635445
11369.531250	-99.930229
11391.064453	-101.224930
11412.597656	-102.267563
11434.130859	-102.282692
11455.664062	-102.182487
11477.197266	-103.661659
11498.730469	-104.198570
11520.263672	-102.504974
11541.796875	-103.383614
11563.330078	-103.939812
11584.863281	-103.345825
11606.396484	-104.427696
11627.929688	-104.327316
11649.462891	-102.720161
11670.996094	-102.048294
11692.529297	-103.435402
11714.062500	-101.665840
11735.595703	-101.510658
11757.128906	-104.248520
11778.662109	-104.052216
11800.195312	-103.465370
11821.728516	-104.791336
11843.261719	-104.274124
11864.794922	-100.983589
11886.328125	-103.194908
11907.861328	-105.235420
11929.394531	-104.429962
11950.927734	-104.731590
11972.460938	-105.620117
11993.994141	-105.464348
12015.527344	-104.649849
12037.060547	-104.702019
12058.593750	-104.637321
12080.126953	-104.777130
12101.660156	-105.813087
12123.193359	-106.142242
12144.726562	-105.244171
12166.259766	-105.767883
12187.792969	-106.948776
12209.326172	-107.542046
12230.859375	-106.292152
12252.392578	-107.801872
12273.925781	-108.014580
12295.458984	-106.982689
12316.992188	-106.889992
12338.525391	-108.101181
12360.058594	-108.103065
12381.591797	-108.402740
12403.125000	-107.976791
12424.658203	-108.050629
12446.191406	-109.195137
12467.724609	-108.711235
12489.257812	-108.658707
12510.791016	-109.081215
12532.324219	-109.401917
12553.857422	-109.133759
12575.390625	-109.618820
12596.923828	-109.794304
12618.457031	-110.334198
12639.990234	-110.593178
12661.523438	-110.604317
12683.056641	-111.337555
12704.589844	-111.311424
12726.123047	-112.054947
12747.656250	-112.328934
12769.189453	-112.670845
12790.722656	-112.345367
12812.255859	-113.326675
12833.789062	-113.372261
12855.322266	-113.225471
12876.855469	-114.899223
12898.388672	-116.666862
12919.921875	-116.469627
12941.455078	-116.882309
12962.988281	-116.433846
12984.521484	-116.165077
13006.054688	-117.470108
13027.587891	-116.686798
13049.121094	-117.094536
13070.654297	-117.004204
13092.187500	-116.628586
13113.720703	-117.767830
13135.253906	-117.737473
13156.787109	-116.842010
13178.320312	-117.305031
13199.853516	-117.170647
13221.386719	-116.578560
13242.919922	-116.125694
13264.453125	-116.312004
13285.986328	-116.748589
13307.519531	-116.392197
13329.052734	-115.994934
13350.585938	-116.388809
13372.119141	-115.295349
13393.652344	-116.037491
13415.185547	-115.359947
13436.718750	-116.372704
13458.251953	-116.085014
13479.785156	-115.801041
13501.318359	-115.811096
13522.851562	-115.265511
13544.384766	-113.650772
13565.917969	-113.839592
13587.451172	-113.072693
13608.984375	-113.284508
13630.517578	-114.561310
13652.050781	-114.289803
13673.583984	-112.683777
13695.117188	-113.062614
13716.650391	-112.513245
13738.183594	-112.531349
13759.716797	-112.149391
13781.250000	-112.040260
13802.783203	-111.782043
13824.316406	-112.872787
13845.849609	-112.790276
13867.382812	-111.027779
13888.916016	-109.334427
13910.449219	-108.663261
13931.982422	-109.903549
13953.515625	-109.936356
13975.048828	-108.012009
13996.582031	-107.529083
14018.115234	-107.994141
14039.648438	-108.318466
14061.181641	-108.162277
14082.714844	-108.859535
14104.248047	-109.188095
14125.781250	-107.212303
14147.314453	-107.528786
14168.847656	-107.952072
14190.380859	-107.702324
14211.914062	-107.913353
14233.447266	-108.809921
14254.980469	-108.288467
14276.513672	-107.208839
14298.046875	-107.591011
14319.580078	-108.415665
14341.113281	-107.662971
14362.646484	-107.916267
14384.179688	-106.796410
14405.712891	-105.579987
14427.246094	-105.830162
14448.779297	-106.506340
14470.312500	-106.061897
14491.845703	-104.811913
14513.378906	-105.781876
14534.912109	-106.272316
14556.445312	-105.857933
14577.978516	-106.421829
14599.511719	-106.279388
14621.044922	-105.077782
14642.578125	-105.874046
14664.111328	-106.581161
14685.644531	-106.724060
14707.177734	-105.848976
14728.710938	-105.996475
14750.244141	-104.946320
14771.777344	-106.209976
14793.310547	-105.325264
14814.843750	-105.669228
14836.376953	-107.277588
14857.910156	-106.529289
14879.443359	-104.828804
14900.976562	-104.204140
14922.509766	-104.478088
14944.042969	-105.637550
14965.576172	-106.059227
14987.109375	-105.535118
15008.642578	-105.404182
15030.175781	-105.799675
15051.708984	-105.294266
15073.242188	-105.481346
15094.775391	-105.562592
15116.308594	-105.394409
15137.841797	-105.468208
15159.375000	-105.859741
15180.908203	-105.941978
15202.441406	-106.065254
15223.974609	-106.788704
15245.507812	-106.565269
15267.041016	-108.785393
15288.574219	-110.099388
15310.107422	-108.974998
15331.640625	-108.022743
15353.173828	-107.419304
15374.707031	-108.606277
15396.240234	-108.816467
15417.773438	-107.068680
15439.306641	-106.275681
15460.839844	-106.402336
15482.373047	-109.029861
15503.906250	-109.095116
15525.439453	-110.865601
15546.972656	-109.562851
15568.505859	-106.962753
15590.039062	-107.232780
15611.572266	-106.282280
15633.105469	-107.687721
15654.638672	-109.170181
15676.171875	-108.728935
15697.705078	-108.452873
15719.238281	-111.859818
15740.771484	-111.531883
15762.304688	-110.098122
15783.837891	-109.966095
15805.371094	-110.018433
15826.904297	-110.631996
15848.437500	-112.920578
15869.970703	-118.958344
15891.503906	-123.070023
15913.037109	-123.290833
15934.570312	-123.324074
15956.103516	-123.273979
15977.636719	-123.804832
15999.169922	-123.670731
16020.703125	-124.451950
16042.236328	-123.361954
16063.769531	-123.051521
16085.302734	-122.914162
16106.835938	-123.076103
16128.369141	-123.094048
16149.902344	-123.959938
16171.435547	-123.105804
16192.968750	-122.891403
16214.501953	-123.174881
16236.035156	-123.030701
16257.568359	-123.995056
16279.101562	-124.428734
16300.634766	-124.447342
16322.167969	-124.280487
16343.701172	-123.279900
16365.234375	-123.667824
16386.767578	-123.761429
16408.300781	-123.632744
16429.833984	-123.452263
16451.367188	-123.397270
16472.900391	-123.579834
16494.433594	-123.624168
16515.966797	-122.756569
16537.500000	-123.359047
16559.033203	-123.702248
16580.566406	-122.909927
16602.099609	-123.136497
16623.632812	-124.276566
16645.166016	-124.200424
16666.699219	-123.443268
16688.232422	-123.957291
16709.765625	-124.115211
16731.298828	-123.479561
16752.832031	-122.638542
16774.365234	-122.811661
16795.898438	-123.218834
16817.431641	-122.832726
16838.964844	-122.694916
16860.498047	-122.887909
16882.031250	-123.019493
16903.564453	-124.674484
16925.097656	-125.289383
16946.630859	-123.941422
16968.164062	-123.773773
16989.697266	-124.334572
17011.230469	-125.333557
17032.763672	-125.139893
17054.296875	-124.508812
17075.830078	-123.675903
17097.363281	-123.431015
17118.896484	-123.600143
17140.429688	-123.482986
17161.962891	-123.650719
17183.496094	-123.280457
17205.029297	-123.672485
17226.562500	-122.805725
17248.095703	-122.587921
17269.628906	-122.206459
17291.162109	-121.931931
17312.695312	-123.374481
17334.228516	-123.319565
17355.761719	-123.749313
17377.294922	-124.878777
17398.828125	-123.538254
17420.361328	-122.372574
17441.894531	-122.778877
17463.427734	-122.970940
17484.960938	-123.705338
17506.494141	-123.114403
17528.027344	-122.376762
17549.560547	-122.702385
17571.093750	-123.638916
17592.626953	-124.563988
17614.160156	-124.777641
17635.693359	-123.087975
17657.226562	-123.274834
17678.759766	-123.276901
17700.292969	-123.576622
17721.826172	-124.263657
17743.359375	-124.150833
17764.892578	-123.942375
17786.425781	-123.841492
17807.958984	-123.480522
17829.492188	-124.098511
17851.025391	-122.902077
17872.558594	-123.249374
17894.091797	-123.806946
17915.625000	-124.730408
17937.158203	-125.056839
17958.691406	-125.319283
17980.224609	-124.891991
18001.757812	-124.107582
18023.291016	-123.858162
18044.824219	-122.901711
18066.357422	-122.539337
18087.890625	-123.228073
18109.423828	-123.721039
18130.957031	-122.612701
18152.490234	-122.960754
18174.023438	-123.333687
18195.556641	-123.352654
18217.089844	-122.929008
18238.623047	-123.524139
18260.156250	-123.956123
18281.689453	-123.539772
18303.222656	-123.089386
18324.755859	-123.383957
18346.289062	-123.628731
18367.822266	-123.705963
18389.355469	-124.327393
18410.888672	-123.807327
18432.421875	-123.195610
18453.955078	-124.472366
18475.488281	-123.479675
18497.021484	-123.809776
18518.554688	-123.822189
18540.087891	-123.754494
18561.621094	-124.606781
18583.154297	-123.587860
18604.687500	-124.301231
18626.220703	-124.027931
18647.753906	-123.037766
18669.287109	-123.413406
18690.820312	-123.544060
18712.353516	-123.716080
18733.886719	-123.523300
18755.419922	-122.019714
18776.953125	-122.314308
18798.486328	-122.239861
18820.019531	-122.737190
18841.552734	-123.154999
18863.085938	-123.665413
18884.619141	-123.764252
18906.152344	-123.298790
18927.685547	-123.500801
18949.218750	-123.846756
18970.751953	-122.977097
18992.285156	-124.859680
19013.818359	-124.862984
19035.351562	-123.104996
19056.884766	-123.154411
19078.417969	-123.968849
19099.951172	-123.704430
19121.484375	-122.867531
19143.017578	-122.870224
19164.550781	-123.871689
19186.083984	-123.410706
19207.617188	-122.689819
19229.150391	-123.802895
19250.683594	-123.602394
19272.216797	-123.233276
19293.750000	-123.546928
19315.283203	-124.919357
19336.816406	-124.654884
19358.349609	-123.775597
19379.882812	-124.808968
19401.416016	-124.966721
19422.949219	-124.122864
19444.482422	-124.429314
19466.015625	-123.911224
19487.548828	-123.686966
19509.082031	-123.793037
19530.615234	-123.273766
19552.148438	-123.463028
19573.681641	-123.890358
19595.214844	-123.836220
19616.748047	-124.722290
19638.281250	-124.120201
19659.814453	-124.139397
19681.347656	-124.273003
19702.880859	-123.463242
19724.414062	-124.068291
19745.947266	-123.217911
19767.480469	-122.356735
19789.013672	-122.807114
19810.546875	-123.210999
19832.080078	-123.878395
19853.613281	-123.405060
19875.146484	-122.143044
19896.679688	-122.297867
19918.212891	-123.758186
19939.746094	-124.039909
19961.279297	-123.588272
19982.812500	-122.849861
20004.345703	-122.457497
20025.878906	-122.410362
20047.412109	-123.571449
20068.945312	-123.135811
20090.478516	-123.566513
20112.011719	-123.249245
20133.544922	-122.427086
20155.078125	-123.268257
20176.611328	-123.360214
20198.144531	-123.634781
20219.677734	-123.760727
20241.210938	-123.142418
20262.744141	-123.076286
20284.277344	-124.305725
20305.810547	-123.627258
20327.343750	-122.993790
20348.876953	-123.263725
20370.410156	-122.948631
20391.943359	-122.991570
20413.476562	-122.615501
20435.009766	-123.781181
20456.542969	-124.592064
20478.076172	-124.456604
20499.609375	-124.417473
20521.142578	-124.133591
20542.675781	-122.774391
20564.208984	-123.723801
20585.742188	-124.132935
20607.275391	-123.840347
20628.808594	-123.735817
20650.341797	-124.494759
20671.875000	-125.084335
20693.408203	-123.612381
20714.941406	-122.950417
20736.474609	-122.841980
20758.007812	-123.800507
20779.541016	-123.571182
20801.074219	-123.969124
20822.607422	-123.300819
20844.140625	-122.375916
20865.673828	-122.558212
20887.207031	-123.280312
20908.740234	-123.128235
20930.273438	-122.488785
20951.806641	-122.473862
20973.339844	-123.494926
20994.873047	-123.529182
21016.406250	-123.142067
21037.939453	-122.747169
21059.472656	-123.177315
21081.005859	-123.499313
21102.539062	-123.789177
21124.072266	-122.598198
21145.605469	-123.025558
21167.138672	-123.786972
21188.671875	-123.936058
21210.205078	-124.225662
21231.738281	-124.914658
21253.271484	-123.705391
21274.804688	-123.664673
21296.337891	-123.722511
21317.871094	-123.524933
21339.404297	-123.684845
21360.937500	-123.445518
21382.470703	-123.705444
21404.003906	-123.477547
21425.537109	-124.027626
21447.070312	-123.194122
21468.603516	-123.610985
21490.136719	-123.827934
21511.669922	-123.441803
21533.203125	-123.053444
21554.736328	-123.150002
21576.269531	-122.881683
21597.802734	-122.876244
21619.335938	-122.920692
21640.869141	-123.660187
21662.402344	-123.619041
21683.935547	-123.355690
21705.468750	-123.322227
21727.001953	-123.349503
21748.535156	-124.933441
21770.068359	-123.008102
21791.601562	-123.032791
21813.134766	-124.121620
21834.667969	-124.507851
21856.201172	-123.426712
21877.734375	-124.104424
21899.267578	-124.403381
21920.800781	-123.202423
21942.333984	-122.824471
21963.867188	-123.509575
21985.400391	-123.431404
22006.933594	-123.552948
22028.466797	-123.092094
