Frequency (Hz)	Level (dB)
21.533203	-63.728027
43.066406	-50.366528
64.599609	-45.177330
86.132812	-45.725388
107.666016	-47.377373
129.199219	-49.496819
150.732422	-48.438957
172.265625	-43.930412
193.798828	-39.803158
215.332031	-41.864201
236.865234	-41.455849
258.398438	-43.492817
279.931641	-42.488533
301.464844	-44.379002
322.998047	-44.439793
344.531250	-41.224388
366.064453	-38.860855
387.597656	-39.710800
409.130859	-43.513565
430.664062	-46.868660
452.197266	-49.093395
473.730469	-44.381794
495.263672	-38.340679
516.796875	-39.141869
538.330078	-46.425468
559.863281	-43.187199
581.396484	-41.452095
602.929688	-44.291412
624.462891	-41.026302
645.996094	-41.488125
667.529297	-33.122025
689.062500	-22.190828
710.595703	-22.320301
732.128906	-29.758759
753.662109	-33.184723
775.195312	-34.324963
796.728516	-39.568275
818.261719	-41.137882
839.794922	-34.321518
861.328125	-23.098724
882.861328	-19.872358
904.394531	-27.042467
925.927734	-36.844059
947.460938	-35.891182
968.994141	-37.950634
990.527344	-38.031033
1012.060547	-34.497093
1033.593750	-23.337278
1055.126953	-20.734707
1076.660156	-28.588415
1098.193359	-39.535557
1119.726562	-48.437790
1141.259766	-50.716995
1162.792969	-51.743279
1184.326172	-50.966076
1205.859375	-50.059669
1227.392578	-46.318607
1248.925781	-45.319073
1270.458984	-47.606609
1291.992188	-53.469185
1313.525391	-60.744377
1335.058594	-59.898331
1356.591797	-55.969681
1378.125000	-43.320438
1399.658203	-38.204792
1421.191406	-42.704250
1442.724609	-54.206509
1464.257812	-60.525517
1485.791016	-58.508530
1507.324219	-58.070763
1528.857422	-59.221645
1550.390625	-57.360981
1571.923828	-56.840961
1593.457031	-56.646397
1614.990234	-54.035145
1636.523438	-52.932720
1658.056641	-53.785583
1679.589844	-52.026215
1701.123047	-49.948769
1722.656250	-45.906200
1744.189453	-43.122395
1765.722656	-39.555130
1787.255859	-45.105888
1808.789062	-58.059246
1830.322266	-64.298157
1851.855469	-64.648285
1873.388672	-62.191734
1894.921875	-58.365013
1916.455078	-58.873585
1937.988281	-65.956985
1959.521484	-63.550503
1981.054688	-62.005196
2002.587891	-64.660942
2024.121094	-67.441475
2045.654297	-58.257347
2067.187500	-50.803944
2088.720703	-39.395821
2110.253906	-36.536060
2131.787109	-42.112885
2153.320312	-55.624504
2174.853516	-69.260277
2196.386719	-71.675133
2217.919922	-68.103226
2239.453125	-67.513969
2260.986328	-66.866325
2282.519531	-68.422836
2304.052734	-72.778984
2325.585938	-70.174339
2347.119141	-67.733444
2368.652344	-71.463272
2390.185547	-74.208298
2411.718750	-71.983223
2433.251953	-68.447838
2454.785156	-64.182678
2476.318359	-62.702637
2497.851562	-67.317497
2519.384766	-75.362381
2540.917969	-77.434555
2562.451172	-76.093063
2583.984375	-70.762268
2605.517578	-67.593933
2627.050781	-58.832321
2648.583984	-51.041512
2670.117188	-50.640831
2691.650391	-57.560638
2713.183594	-67.769005
2734.716797	-71.699486
2756.250000	-71.593048
2777.783203	-66.963745
2799.316406	-59.571308
2820.849609	-52.577591
2842.382812	-53.740902
2863.916016	-65.487701
2885.449219	-71.242462
2906.982422	-72.098297
2928.515625	-74.277153
2950.048828	-76.980232
2971.582031	-77.069534
2993.115234	-76.166397
3014.648438	-76.700539
3036.181641	-74.860390
3057.714844	-73.148087
3079.248047	-74.067360
3100.781250	-72.482986
3122.314453	-67.573074
3143.847656	-58.609238
3165.380859	-53.537319
3186.914062	-57.320580
3208.447266	-64.776619
3229.980469	-71.247398
3251.513672	-76.590225
3273.046875	-75.962303
3294.580078	-81.247017
3316.113281	-80.242012
3337.646484	-78.682159
3359.179688	-77.227341
3380.712891	-78.621338
3402.246094	-83.483589
3423.779297	-83.544662
3445.312500	-83.014809
3466.845703	-80.212669
3488.378906	-74.628944
3509.912109	-71.243141
3531.445312	-61.753223
3552.978516	-54.021938
3574.511719	-53.512917
3596.044922	-62.219788
3617.578125	-70.763390
3639.111328	-72.717430
3660.644531	-73.507744
3682.177734	-78.934059
3703.710938	-81.922020
3725.244141	-84.454590
3746.777344	-85.102066
3768.310547	-81.152229
3789.843750	-77.298988
3811.376953	-78.578392
3832.910156	-83.528809
3854.443359	-78.447044
3875.976562	-78.184212
3897.509766	-83.897568
3919.042969	-88.755493
3940.576172	-87.804634
3962.109375	-85.185524
3983.642578	-82.649887
4005.175781	-84.636780
4026.708984	-86.390251
4048.242188	-83.719604
4069.775391	-83.237709
4091.308594	-87.429451
4112.841797	-88.820778
4134.375000	-86.097206
4155.908203	-85.330788
4177.441406	-83.885513
4198.974609	-82.862297
4220.507812	-77.633591
4242.041016	-67.460045
4263.574219	-66.018021
4285.107422	-70.249390
4306.640625	-71.563438
4328.173828	-77.618935
4349.707031	-87.023766
4371.240234	-90.902000
4392.773438	-89.575172
4414.306641	-93.387344
4435.839844	-98.758064
4457.373047	-91.043106
4478.906250	-84.184135
4500.439453	-82.890327
4521.972656	-85.841812
4543.505859	-91.256813
4565.039062	-96.856377
4586.572266	-103.381676
4608.105469	-102.240211
4629.638672	-103.707588
4651.171875	-110.037216
4672.705078	-108.832848
4694.238281	-108.832237
4715.771484	-108.792549
4737.304688	-106.059921
4758.837891	-103.677414
4780.371094	-102.312698
4801.904297	-103.447197
4823.437500	-101.549332
4844.970703	-102.907333
4866.503906	-101.585091
4888.037109	-97.741051
4909.570312	-96.035530
4931.103516	-96.466965
4952.636719	-94.472954
4974.169922	-94.786186
4995.703125	-88.799652
5017.236328	-77.024040
5038.769531	-75.282936
5060.302734	-77.191734
5081.835938	-84.488091
5103.369141	-97.967911
5124.902344	-90.560364
5146.435547	-85.821976
5167.968750	-86.941864
5189.501953	-90.787415
5211.035156	-85.678673
5232.568359	-84.546219
5254.101562	-86.820961
5275.634766	-88.094658
5297.167969	-86.944702
5318.701172	-87.350227
5340.234375	-76.511063
5361.767578	-72.132629
5383.300781	-72.319923
5404.833984	-75.504028
5426.367188	-81.568985
5447.900391	-82.044983
5469.433594	-83.687241
5490.966797	-86.237663
5512.500000	-87.213364
5534.033203	-87.662407
5555.566406	-86.008049
5577.099609	-85.999107
5598.632812	-88.048965
5620.166016	-88.643822
5641.699219	-85.255463
5663.232422	-87.821159
5684.765625	-89.689209
5706.298828	-90.875160
5727.832031	-90.667664
5749.365234	-86.065369
5770.898438	-78.158318
5792.431641	-72.614563
5813.964844	-74.409126
5835.498047	-79.315475
5857.031250	-85.830063
5878.564453	-88.543571
5900.097656	-91.990623
5921.630859	-88.956741
5943.164062	-85.798058
5964.697266	-85.381790
5986.230469	-86.060020
6007.763672	-86.787750
6029.296875	-87.886749
6050.830078	-86.101379
6072.363281	-87.555939
6093.896484	-89.211151
6115.429688	-87.544220
6136.962891	-86.921883
6158.496094	-89.960617
6180.029297	-91.344315
6201.562500	-91.990974
6223.095703	-92.394081
6244.628906	-92.150208
6266.162109	-89.646606
6287.695312	-88.185783
6309.228516	-87.597336
6330.761719	-85.380058
6352.294922	-84.224510
6373.828125	-84.846306
6395.361328	-81.888023
6416.894531	-77.377739
6438.427734	-77.069809
6459.960938	-80.263100
6481.494141	-77.097076
6503.027344	-73.563240
6524.560547	-73.403603
6546.093750	-75.269226
6567.626953	-84.536880
6589.160156	-79.728119
6610.693359	-77.760948
6632.226562	-81.273811
6653.759766	-90.839569
6675.292969	-89.069237
6696.826172	-88.572525
6718.359375	-89.133911
6739.892578	-83.175697
6761.425781	-85.269737
6782.958984	-92.990158
6804.492188	-91.882339
6826.025391	-94.398903
6847.558594	-95.488914
6869.091797	-93.478645
6890.625000	-89.956284
6912.158203	-89.769318
6933.691406	-94.788887
6955.224609	-97.193176
6976.757812	-95.416565
6998.291016	-94.902672
7019.824219	-94.293770
7041.357422	-95.261658
7062.890625	-95.532097
7084.423828	-94.548698
7105.957031	-94.137100
7127.490234	-93.936691
7149.023438	-93.993477
7170.556641	-90.806335
7192.089844	-93.129547
7213.623047	-96.470207
7235.156250	-97.637314
7256.689453	-95.211472
7278.222656	-94.422691
7299.755859	-94.743454
7321.289062	-95.256599
7342.822266	-93.839874
7364.355469	-97.074539
7385.888672	-96.102646
7407.421875	-96.366608
7428.955078	-95.535980
7450.488281	-95.655487
7472.021484	-95.853661
7493.554688	-95.971291
7515.087891	-97.679565
7536.621094	-95.915932
7558.154297	-94.693390
7579.687500	-95.455643
7601.220703	-95.399994
7622.753906	-94.613991
7644.287109	-93.145020
7665.820312	-91.320839
7687.353516	-91.988213
7708.886719	-89.622154
7730.419922	-90.845108
7751.953125	-98.789047
7773.486328	-100.157738
7795.019531	-102.082008
7816.552734	-101.507614
7838.085938	-99.880379
7859.619141	-100.114349
7881.152344	-102.143600
7902.685547	-102.794785
7924.218750	-102.742119
7945.751953	-102.583801
7967.285156	-103.270470
7988.818359	-101.850868
8010.351562	-101.313972
8031.884766	-101.253456
8053.417969	-100.601021
8074.951172	-99.899078
8096.484375	-98.380035
8118.017578	-98.164436
8139.550781	-98.237488
8161.083984	-98.930069
8182.617188	-100.287308
8204.150391	-99.880836
8225.683594	-96.804535
8247.216797	-96.755135
8268.750000	-99.328331
8290.283203	-103.426826
8311.816406	-104.808594
8333.349609	-105.724083
8354.882812	-104.198486
8376.416016	-104.008530
8397.949219	-105.347862
8419.482422	-106.234833
8441.015625	-107.054634
8462.548828	-107.891418
8484.082031	-107.454147
8505.615234	-108.029755
8527.148438	-109.163116
8548.681641	-109.696930
8570.214844	-111.174988
8591.748047	-111.842735
8613.281250	-111.910835
8634.814453	-112.042755
8656.347656	-111.929161
8677.880859	-112.345169
8699.414062	-115.788216
8720.947266	-119.683990
8742.480469	-120.607391
8764.013672	-120.761993
8785.546875	-121.790314
8807.080078	-121.824036
8828.613281	-120.774994
8850.146484	-121.274078
8871.679688	-120.845238
8893.212891	-119.134979
8914.746094	-120.166740
8936.279297	-122.428833
8957.812500	-121.812706
8979.345703	-119.131714
9000.878906	-119.301788
9022.412109	-122.312660
9043.945312	-122.108803
9065.478516	-120.425056
9087.011719	-117.494812
9108.544922	-115.550072
9130.078125	-115.837875
9151.611328	-115.296425
9173.144531	-113.442772
9194.677734	-111.846825
9216.210938	-111.349762
9237.744141	-111.412224
9259.277344	-110.201927
9280.810547	-107.489738
9302.343750	-107.201157
9323.876953	-109.182831
9345.410156	-109.448296
9366.943359	-108.129532
9388.476562	-108.252907
9410.009766	-107.559952
9431.542969	-106.928940
9453.076172	-107.565613
9474.609375	-106.914703
9496.142578	-106.297050
9517.675781	-106.499725
9539.208984	-105.533470
9560.742188	-105.890121
9582.275391	-105.175827
9603.808594	-105.243996
9625.341797	-104.839417
9646.875000	-105.480484
9668.408203	-103.003624
9689.941406	-103.148247
9711.474609	-105.497643
9733.007812	-104.398933
9754.541016	-102.894859
9776.074219	-101.841743
9797.607422	-102.766739
9819.140625	-103.836189
9840.673828	-103.748810
9862.207031	-103.817390
9883.740234	-104.096321
9905.273438	-102.853233
9926.806641	-103.440910
9948.339844	-103.272209
9969.873047	-101.452400
9991.406250	-101.458321
10012.939453	-100.144241
10034.472656	-101.983826
10056.005859	-102.687584
10077.539062	-101.975105
10099.072266	-101.805542
10120.605469	-100.974525
10142.138672	-100.087112
10163.671875	-100.740173
10185.205078	-102.757484
10206.738281	-103.082405
10228.271484	-101.603455
10249.804688	-101.282669
10271.337891	-102.218269
10292.871094	-102.434410
10314.404297	-98.913284
10335.937500	-98.891006
10357.470703	-101.564636
10379.003906	-101.859818
10400.537109	-100.936089
10422.070312	-102.312279
10443.603516	-102.113785
10465.136719	-101.616806
10486.669922	-102.069679
10508.203125	-100.776558
10529.736328	-100.371155
10551.269531	-101.790764
10572.802734	-101.662895
10594.335938	-102.292389
10615.869141	-102.684746
10637.402344	-101.946411
10658.935547	-100.615128
10680.468750	-101.512810
10702.001953	-102.112953
10723.535156	-102.385544
10745.068359	-101.433952
10766.601562	-100.014099
10788.134766	-100.568756
10809.667969	-100.963486
10831.201172	-100.303314
10852.734375	-101.948296
10874.267578	-101.564583
10895.800781	-101.683327
10917.333984	-102.403893
10938.867188	-101.370872
10960.400391	-101.049255
10981.933594	-101.664017
11003.466797	-102.385704
11025.000000	-101.478554
11046.533203	-101.258110
11068.066406	-101.605026
11089.599609	-101.129005
11111.132812	-101.769432
11132.666016	-102.142570
11154.199219	-102.027283
11175.732422	-102.678947
11197.265625	-102.302963
11218.798828	-100.941887
11240.332031	-100.640266
11261.865234	-101.149994
11283.398438	-101.105659
11304.931641	-101.742287
11326.464844	-101.862839
11347.998047	-101.798836
11369.531250	-101.285538
11391.064453	-102.471695
11412.597656	-101.794296
11434.130859	-101.929962
11455.664062	-102.728928
11477.197266	-101.429710
11498.730469	-101.335854
11520.263672	-101.644615
11541.796875	-102.830284
11563.330078	-104.135941
11584.863281	-103.376755
11606.396484	-102.253342
11627.929688	-103.256233
11649.462891	-102.738174
11670.996094	-102.680519
11692.529297	-102.978661
11714.062500	-101.581543
11735.595703	-101.845039
11757.128906	-102.904015
11778.662109	-103.791954
11800.195312	-103.113396
11821.728516	-103.221001
11843.261719	-104.012589
11864.794922	-104.478973
11886.328125	-102.862915
11907.861328	-101.858131
11929.394531	-102.430107
11950.927734	-102.765877
11972.460938	-103.287056
11993.994141	-103.964539
12015.527344	-103.755501
12037.060547	-105.034439
12058.593750	-105.256165
12080.126953	-104.932823
12101.660156	-106.589012
12123.193359	-106.700592
12144.726562	-106.867020
12166.259766	-107.409676
12187.792969	-108.386932
12209.326172	-106.344788
12230.859375	-106.324425
12252.392578	-106.076233
12273.925781	-106.364182
12295.458984	-107.438118
12316.992188	-107.835869
12338.525391	-107.487770
12360.058594	-107.920143
12381.591797	-108.123894
12403.125000	-108.908394
12424.658203	-109.638206
12446.191406	-109.116753
12467.724609	-108.894348
12489.257812	-109.083679
12510.791016	-109.468666
12532.324219	-109.974045
12553.857422	-109.982033
12575.390625	-110.725151
12596.923828	-111.221893
12618.457031	-111.515388
12639.990234	-111.308983
12661.523438	-111.091042
12683.056641	-111.413696
12704.589844	-110.888222
12726.123047	-111.417862
12747.656250	-112.105026
12769.189453	-113.599007
12790.722656	-114.504898
12812.255859	-114.110596
12833.789062	-114.338783
12855.322266	-113.938347
12876.855469	-115.087700
12898.388672	-118.843117
12919.921875	-119.553864
12941.455078	-121.428352
12962.988281	-122.590210
12984.521484	-122.927711
13006.054688	-123.787712
13027.587891	-123.349609
13049.121094	-124.218590
13070.654297	-123.747528
13092.187500	-123.533653
13113.720703	-123.158714
13135.253906	-122.503502
13156.787109	-121.799477
13178.320312	-122.383423
13199.853516	-123.507576
13221.386719	-122.997025
13242.919922	-122.752586
13264.453125	-122.371628
13285.986328	-122.198441
13307.519531	-121.861229
13329.052734	-122.574997
13350.585938	-120.030746
13372.119141	-118.967110
13393.652344	-120.412834
13415.185547	-120.517502
13436.718750	-122.237282
13458.251953	-120.697586
13479.785156	-117.756889
13501.318359	-117.267960
13522.851562	-119.888817
13544.384766	-119.446655
13565.917969	-114.766548
13587.451172	-114.525253
13608.984375	-115.886330
13630.517578	-114.805061
13652.050781	-115.095421
13673.583984	-115.389450
13695.117188	-114.213844
13716.650391	-113.070908
13738.183594	-112.391113
13759.716797	-112.202423
13781.250000	-109.207924
13802.783203	-109.308197
13824.316406	-110.048897
13845.849609	-109.130653
13867.382812	-108.088753
13888.916016	-108.307014
13910.449219	-108.666588
13931.982422	-109.795937
13953.515625	-109.596550
13975.048828	-106.609665
13996.582031	-107.138031
14018.115234	-108.877090
14039.648438	-109.287086
14061.181641	-108.381851
14082.714844	-107.154449
14104.248047	-105.851631
14125.781250	-105.854065
14147.314453	-107.711426
14168.847656	-107.025581
14190.380859	-107.092339
14211.914062	-107.274223
14233.447266	-108.038933
14254.980469	-107.965416
14276.513672	-107.380539
14298.046875	-106.412025
14319.580078	-106.636826
14341.113281	-106.973549
14362.646484	-106.568016
14384.179688	-106.753487
14405.712891	-106.290230
14427.246094	-106.728806
14448.779297	-106.673340
14470.312500	-105.751587
14491.845703	-105.543327
14513.378906	-104.956757
14534.912109	-105.490425
14556.445312	-105.166084
14577.978516	-105.539322
14599.511719	-105.524132
14621.044922	-105.754356
14642.578125	-106.138512
14664.111328	-106.179741
14685.644531	-105.688019
14707.177734	-106.326630
14728.710938	-106.138351
14750.244141	-105.499001
14771.777344	-104.853912
14793.310547	-103.989845
14814.843750	-105.739388
14836.376953	-105.907318
14857.910156	-107.096710
14879.443359	-107.093323
14900.976562	-104.954056
14922.509766	-105.371964
14944.042969	-106.530479
14965.576172	-105.107475
14987.109375	-105.216492
15008.642578	-104.582008
15030.175781	-103.773468
15051.708984	-104.895241
15073.242188	-105.456184
15094.775391	-104.864212
15116.308594	-105.060150
15137.841797	-104.409241
15159.375000	-105.253044
15180.908203	-106.001907
15202.441406	-105.465141
15223.974609	-105.369324
15245.507812	-105.350800
15267.041016	-104.970779
15288.574219	-105.374916
15310.107422	-105.511200
15331.640625	-106.335670
15353.173828	-105.462997
15374.707031	-104.244324
15396.240234	-104.442108
15417.773438	-107.190712
15439.306641	-108.452850
15460.839844	-106.844078
15482.373047	-105.642662
15503.906250	-104.837440
15525.439453	-106.437035
15546.972656	-106.514374
15568.505859	-107.166664
15590.039062	-105.881256
15611.572266	-103.917984
15633.105469	-104.726341
15654.638672	-104.702095
15676.171875	-104.685242
15697.705078	-104.169693
15719.238281	-103.973198
15740.771484	-105.868683
15762.304688	-106.273834
15783.837891	-105.526474
15805.371094	-105.020264
15826.904297	-106.110916
15848.437500	-108.877235
15869.970703	-116.391594
15891.503906	-123.991943
15913.037109	-123.577644
15934.570312	-122.622261
15956.103516	-123.492516
15977.636719	-123.079369
15999.169922	-123.177933
16020.703125	-123.753975
16042.236328	-123.844177
16063.769531	-122.600975
16085.302734	-122.513763
16106.835938	-123.465012
16128.369141	-124.213158
16149.902344	-124.597443
16171.435547	-123.159866
16192.968750	-122.861481
16214.501953	-123.074112
16236.035156	-123.000618
16257.568359	-123.190117
16279.101562	-122.464851
16300.634766	-123.575401
16322.167969	-124.170265
16343.701172	-123.792763
16365.234375	-123.544891
16386.767578	-123.975571
16408.300781	-123.596741
16429.833984	-123.559021
16451.367188	-123.603577
16472.900391	-122.986397
16494.433594	-122.574654
16515.966797	-123.353203
16537.500000	-123.567749
16559.033203	-123.861618
16580.566406	-123.628838
16602.099609	-122.992439
16623.632812	-123.240105
16645.166016	-123.635979
16666.699219	-123.899269
16688.232422	-123.622841
16709.765625	-123.945358
16731.298828	-123.623413
16752.832031	-123.684708
16774.365234	-123.235901
16795.898438	-123.824112
16817.431641	-124.061600
16838.964844	-124.004532
16860.498047	-123.779007
16882.031250	-124.025764
16903.564453	-123.111038
16925.097656	-122.951759
16946.630859	-123.459175
16968.164062	-122.722565
16989.697266	-122.984627
17011.230469	-122.616608
17032.763672	-122.228149
17054.296875	-122.200439
17075.830078	-122.587601
17097.363281	-122.123886
17118.896484	-122.660492
17140.429688	-122.661087
17161.962891	-123.276711
17183.496094	-124.039337
17205.029297	-124.289413
17226.562500	-124.237236
17248.095703	-123.179008
17269.628906	-122.523941
17291.162109	-122.500160
17312.695312	-123.543907
17334.228516	-123.535553
17355.761719	-123.323334
17377.294922	-122.919212
17398.828125	-123.147514
17420.361328	-123.502037
17441.894531	-123.442436
17463.427734	-123.455811
17484.960938	-123.846176
17506.494141	-124.730553
17528.027344	-123.023026
17549.560547	-122.275772
17571.093750	-123.191582
17592.626953	-123.504478
17614.160156	-123.225410
17635.693359	-122.703117
17657.226562	-123.332840
17678.759766	-123.560989
17700.292969	-124.312630
17721.826172	-124.542572
17743.359375	-123.619041
17764.892578	-123.130112
17786.425781	-122.617210
17807.958984	-122.815361
17829.492188	-122.922485
17851.025391	-122.962303
17872.558594	-122.997444
17894.091797	-123.174805
17915.625000	-123.221977
17937.158203	-123.195396
17958.691406	-122.345779
17980.224609	-122.703438
18001.757812	-123.309761
18023.291016	-123.550224
18044.824219	-123.302231
18066.357422	-123.514549
18087.890625	-123.210960
18109.423828	-122.995201
18130.957031	-122.928703
18152.490234	-123.888123
18174.023438	-124.133003
18195.556641	-123.813499
18217.089844	-124.197044
18238.623047	-124.108200
18260.156250	-123.785721
18281.689453	-123.361130
18303.222656	-123.332275
18324.755859	-123.633667
18346.289062	-123.524078
18367.822266	-123.763313
18389.355469	-123.747940
18410.888672	-123.444618
18432.421875	-123.173347
18453.955078	-123.502495
18475.488281	-124.609169
18497.021484	-123.948044
18518.554688	-123.594620
18540.087891	-123.474655
18561.621094	-122.776031
18583.154297	-123.062325
18604.687500	-123.715523
18626.220703	-123.291130
18647.753906	-123.289856
18669.287109	-124.370232
18690.820312	-123.094757
18712.353516	-123.589798
18733.886719	-125.242592
18755.419922	-124.317574
18776.953125	-123.748581
18798.486328	-123.416733
18820.019531	-123.599442
18841.552734	-123.691696
18863.085938	-124.232239
18884.619141	-123.861671
18906.152344	-122.686493
18927.685547	-122.749138
18949.218750	-123.913620
18970.751953	-123.789322
18992.285156	-122.921623
19013.818359	-123.535263
19035.351562	-123.298096
19056.884766	-123.242737
19078.417969	-123.641174
19099.951172	-124.566879
19121.484375	-123.806190
19143.017578	-123.945511
19164.550781	-125.283707
19186.083984	-123.871758
19207.617188	-123.818848
19229.150391	-124.058731
19250.683594	-122.722015
19272.216797	-123.217117
19293.750000	-123.019089
19315.283203	-122.772385
19336.816406	-122.558968
19358.349609	-123.530319
19379.882812	-123.940681
19401.416016	-124.126801
19422.949219	-123.763039
19444.482422	-123.757782
19466.015625	-123.833427
19487.548828	-124.072159
19509.082031	-123.893669
19530.615234	-123.536591
19552.148438	-122.213448
19573.681641	-122.794174
19595.214844	-123.322563
19616.748047	-123.981529
19638.281250	-123.785110
19659.814453	-123.437836
19681.347656	-123.766243
19702.880859	-124.203140
19724.414062	-124.049881
19745.947266	-123.571220
19767.480469	-123.445816
19789.013672	-122.903915
19810.546875	-122.653412
19832.080078	-122.704010
19853.613281	-122.983994
19875.146484	-123.707031
19896.679688	-122.939499
19918.212891	-123.294090
19939.746094	-124.330421
19961.279297	-123.243492
19982.812500	-123.478951
20004.345703	-124.130295
20025.878906	-123.307877
20047.412109	-122.754318
20068.945312	-122.040863
20090.478516	-122.332199
20112.011719	-124.085434
20133.544922	-123.733360
20155.078125	-123.220749
20176.611328	-123.262703
20198.144531	-123.371162
20219.677734	-123.949028
20241.210938	-123.689720
20262.744141	-123.665352
20284.277344	-123.484535
20305.810547	-123.567970
20327.343750	-123.012627
20348.876953	-122.845078
20370.410156	-123.277420
20391.943359	-124.128006
20413.476562	-123.772148
20435.009766	-122.990387
20456.542969	-123.200287
20478.076172	-124.052650
20499.609375	-123.846214
20521.142578	-123.355423
20542.675781	-123.378883
20564.208984	-123.738503
20585.742188	-123.218048
20607.275391	-123.020226
20628.808594	-122.645096
20650.341797	-122.837387
20671.875000	-122.193184
20693.408203	-122.192688
20714.941406	-122.856918
20736.474609	-123.612473
20758.007812	-123.519020
20779.541016	-123.993256
20801.074219	-122.809715
20822.607422	-123.000900
20844.140625	-123.612595
20865.673828	-123.468521
20887.207031	-123.993095
20908.740234	-123.676727
20930.273438	-124.150574
20951.806641	-123.424744
20973.339844	-123.511299
20994.873047	-123.893761
21016.406250	-123.202950
21037.939453	-123.895813
21059.472656	-123.869926
21081.005859	-123.518250
21102.539062	-123.693390
21124.072266	-122.696686
21145.605469	-123.039597
21167.138672	-122.723099
21188.671875	-123.286713
21210.205078	-124.201271
21231.738281	-123.703613
21253.271484	-123.376389
21274.804688	-122.237679
21296.337891	-122.679955
21317.871094	-123.225464
21339.404297	-123.191818
21360.937500	-121.613068
21382.470703	-122.177963
21404.003906	-123.029190
21425.537109	-123.065636
21447.070312	-123.508217
21468.603516	-123.631096
21490.136719	-123.776764
21511.669922	-123.617630
21533.203125	-123.431427
21554.736328	-122.504120
21576.269531	-123.065681
21597.802734	-123.529045
21619.335938	-124.082428
21640.869141	-124.621986
21662.402344	-123.769295
21683.935547	-122.845047
21705.468750	-123.299133
21727.001953	-123.680717
21748.535156	-124.069397
21770.068359	-123.819824
21791.601562	-123.566177
21813.134766	-123.632385
21834.667969	-122.736046
21856.201172	-122.517067
21877.734375	-122.023476
21899.267578	-122.949280
21920.800781	-124.069656
21942.333984	-123.990219
21963.867188	-123.155388
21985.400391	-122.557587
22006.933594	-123.595497
22028.466797	-123.717148
