Frequency (Hz)	Level (dB)
21.533203	-65.519470
43.066406	-53.294762
64.599609	-48.274433
86.132812	-47.408825
107.666016	-48.681175
129.199219	-52.566628
150.732422	-53.439983
172.265625	-50.447132
193.798828	-46.950485
215.332031	-44.022045
236.865234	-47.154148
258.398438	-52.221588
279.931641	-52.965534
301.464844	-44.996979
322.998047	-42.711735
344.531250	-40.860748
366.064453	-31.508732
387.597656	-23.182648
409.130859	-26.230595
430.664062	-39.309731
452.197266	-24.480072
473.730469	-21.284767
495.263672	-29.869846
516.796875	-41.547146
538.330078	-29.225340
559.863281	-25.475988
581.396484	-32.510368
602.929688	-44.957600
624.462891	-52.739647
645.996094	-53.297977
667.529297	-51.009178
689.062500	-51.195911
710.595703	-52.205307
732.128906	-56.157997
753.662109	-49.677593
775.195312	-40.909771
796.728516	-42.179752
818.261719	-54.187107
839.794922	-63.553505
861.328125	-63.042629
882.861328	-59.668987
904.394531	-51.399334
925.927734	-37.560200
947.460938	-36.977859
968.994141	-48.314354
990.527344	-59.808491
1012.060547	-69.349884
1033.593750	-67.946892
1055.126953	-63.888889
1076.660156	-61.177898
1098.193359	-52.137001
1119.726562	-48.421879
1141.259766	-56.145283
1162.792969	-56.380878
1184.326172	-54.285152
1205.859375	-61.139263
1227.392578	-67.458931
1248.925781	-67.937103
1270.458984	-69.852638
1291.992188	-73.192329
1313.525391	-73.496071
1335.058594	-72.263100
1356.591797	-73.033516
1378.125000	-67.812370
1399.658203	-55.403374
1421.191406	-54.528122
1442.724609	-65.168182
1464.257812	-73.176971
1485.791016	-73.793709
1507.324219	-71.959061
1528.857422	-69.838142
1550.390625	-63.816898
1571.923828	-55.807541
1593.457031	-54.624287
1614.990234	-63.662594
1636.523438	-73.671623
1658.056641	-61.037701
1679.589844	-58.554249
1701.123047	-66.251259
1722.656250	-73.236992
1744.189453	-78.040634
1765.722656	-78.975578
1787.255859	-82.425186
1808.789062	-79.588921
1830.322266	-79.271667
1851.855469	-71.835121
1873.388672	-55.577347
1894.921875	-53.764061
1916.455078	-63.820152
1937.988281	-73.909866
1959.521484	-60.534531
1981.054688	-56.465622
2002.587891	-59.447334
2024.121094	-71.255333
2045.654297	-80.228271
2067.187500	-84.874817
2088.720703	-89.772667
2110.253906	-88.971237
2131.787109	-89.826553
2153.320312	-88.801018
2174.853516	-88.735779
2196.386719	-87.318588
2217.919922	-76.009399
2239.453125	-66.360695
2260.986328	-68.101707
2282.519531	-81.186134
2304.052734	-84.785782
2325.585938	-83.065849
2347.119141	-75.169357
2368.652344	-68.267365
2390.185547	-66.960838
2411.718750	-69.110428
2433.251953	-78.353668
2454.785156	-88.566628
2476.318359	-91.993240
2497.851562	-93.732864
2519.384766	-95.556160
2540.917969	-95.444786
2562.451172	-93.102180
2583.984375	-92.415215
2605.517578	-96.298363
2627.050781	-95.455978
2648.583984	-94.502563
2670.117188	-92.584625
2691.650391	-93.250885
2713.183594	-94.310539
2734.716797	-93.508400
2756.250000	-89.413170
2777.783203	-79.540733
2799.316406	-75.319099
2820.849609	-76.184372
2842.382812	-76.035286
2863.916016	-74.958023
2885.449219	-85.361122
2906.982422	-95.083893
2928.515625	-98.643303
2950.048828	-98.941078
2971.582031	-97.804855
2993.115234	-97.541733
3014.648438	-98.063591
3036.181641	-98.003410
3057.714844	-97.199692
3079.248047	-96.349602
3100.781250	-95.843254
3122.314453	-96.460052
3143.847656	-97.539436
3165.380859	-95.194611
3186.914062	-82.320328
3208.447266	-75.487381
3229.980469	-74.035606
3251.513672	-76.275154
3273.046875	-87.338043
3294.580078	-91.749313
3316.113281	-93.300499
3337.646484	-83.687935
3359.179688	-80.388107
3380.712891	-83.149994
3402.246094	-80.966751
3423.779297	-87.740265
3445.312500	-95.364616
3466.845703	-91.991600
3488.378906	-91.529831
3509.912109	-94.099792
3531.445312	-95.371803
3552.978516	-95.726990
3574.511719	-95.250557
3596.044922	-93.738396
3617.578125	-93.834274
3639.111328	-93.977928
3660.644531	-93.750656
3682.177734	-94.058739
3703.710938	-96.025360
3725.244141	-97.742691
3746.777344	-96.007568
3768.310547	-95.171562
3789.843750	-96.420998
3811.376953	-97.918556
3832.910156	-97.737701
3854.443359	-93.088722
3875.976562	-93.608971
3897.509766	-95.987968
3919.042969	-97.181496
3940.576172	-98.024681
3962.109375	-99.749878
3983.642578	-99.764671
4005.175781	-100.205406
4026.708984	-100.823845
4048.242188	-99.912308
4069.775391	-100.489456
4091.308594	-100.510239
4112.841797	-102.067360
4134.375000	-102.513313
4155.908203	-102.218185
4177.441406	-102.713501
4198.974609	-103.692162
4220.507812	-104.542366
4242.041016	-105.371338
4263.574219	-104.605049
4285.107422	-105.322617
4306.640625	-105.879738
4328.173828	-106.576401
4349.707031	-106.088577
4371.240234	-106.247971
4392.773438	-107.815758
4414.306641	-107.670494
4435.839844	-107.317818
4457.373047	-106.794998
4478.906250	-107.966301
4500.439453	-109.388672
4521.972656	-110.183395
4543.505859	-109.898872
4565.039062	-109.725967
4586.572266	-110.917671
4608.105469	-112.614510
4629.638672	-114.376671
4651.171875	-115.971352
4672.705078	-118.257469
4694.238281	-117.376663
4715.771484	-115.603111
4737.304688	-115.625328
4758.837891	-115.656326
4780.371094	-114.968239
4801.904297	-114.238838
4823.437500	-113.845718
4844.970703	-113.396439
4866.503906	-113.440483
4888.037109	-112.079178
4909.570312	-110.311905
4931.103516	-111.289268
4952.636719	-111.163216
4974.169922	-110.301903
4995.703125	-109.548752
5017.236328	-108.920372
5038.769531	-107.415054
5060.302734	-107.330467
5081.835938	-106.344582
5103.369141	-106.299812
5124.902344	-107.016518
5146.435547	-106.738281
5167.968750	-105.844955
5189.501953	-103.745102
5211.035156	-103.633255
5232.568359	-104.034882
5254.101562	-104.248642
5275.634766	-104.133400
5297.167969	-102.610352
5318.701172	-103.656685
5340.234375	-102.839066
5361.767578	-103.285538
5383.300781	-104.273247
5404.833984	-103.604958
5426.367188	-101.872803
5447.900391	-102.424400
5469.433594	-102.703880
5490.966797	-102.154663
5512.500000	-103.309563
5534.033203	-102.593735
5555.566406	-101.855148
5577.099609	-100.767525
5598.632812	-100.794701
5620.166016	-100.623070
5641.699219	-101.714523
5663.232422	-101.267715
5684.765625	-101.217712
5706.298828	-102.269501
5727.832031	-101.797371
5749.365234	-101.165054
5770.898438	-100.823364
5792.431641	-100.427162
5813.964844	-100.172081
5835.498047	-100.692589
5857.031250	-100.355202
5878.564453	-99.189262
5900.097656	-97.618240
5921.630859	-98.327011
5943.164062	-98.573494
5964.697266	-98.130524
5986.230469	-98.639534
6007.763672	-99.211441
6029.296875	-99.968178
6050.830078	-99.279488
6072.363281	-98.629883
6093.896484	-98.124977
6115.429688	-99.553017
6136.962891	-99.891914
6158.496094	-98.921089
6180.029297	-98.442291
6201.562500	-98.261375
6223.095703	-98.317307
6244.628906	-98.164864
6266.162109	-99.010170
6287.695312	-97.767723
6309.228516	-96.531662
6330.761719	-98.220558
6352.294922	-97.947617
6373.828125	-98.573334
6395.361328	-98.670334
6416.894531	-98.963371
6438.427734	-99.926865
6459.960938	-99.264366
6481.494141	-98.547943
6503.027344	-97.569664
6524.560547	-96.989471
6546.093750	-97.193367
6567.626953	-98.774559
6589.160156	-99.613701
6610.693359	-99.933174
6632.226562	-99.222404
6653.759766	-98.876129
6675.292969	-98.680519
6696.826172	-98.667694
6718.359375	-98.879128
6739.892578	-98.763527
6761.425781	-98.538391
6782.958984	-98.082649
6804.492188	-98.669205
6826.025391	-98.278069
6847.558594	-97.770973
6869.091797	-98.496346
6890.625000	-98.596695
6912.158203	-98.189011
6933.691406	-98.004898
6955.224609	-97.447289
6976.757812	-99.060562
6998.291016	-99.431496
7019.824219	-98.071312
7041.357422	-97.782524
7062.890625	-97.986061
7084.423828	-98.428734
7105.957031	-99.253723
7127.490234	-98.526917
7149.023438	-97.733749
7170.556641	-97.518188
7192.089844	-97.781227
7213.623047	-98.334312
7235.156250	-99.300682
7256.689453	-99.816467
7278.222656	-99.512985
7299.755859	-99.391159
7321.289062	-99.778267
7342.822266	-99.148109
7364.355469	-99.113060
7385.888672	-99.385201
7407.421875	-100.249100
7428.955078	-100.351006
7450.488281	-100.434700
7472.021484	-100.596542
7493.554688	-100.084030
7515.087891	-99.177635
7536.621094	-98.884514
7558.154297	-99.847870
7579.687500	-100.668869
7601.220703	-101.393623
7622.753906	-100.376961
7644.287109	-100.800056
7665.820312	-100.994476
7687.353516	-101.089043
7708.886719	-101.294205
7730.419922	-101.453751
7751.953125	-101.153313
7773.486328	-101.757187
7795.019531	-103.042534
7816.552734	-103.145035
7838.085938	-102.209244
7859.619141	-102.371986
7881.152344	-102.052757
7902.685547	-103.041161
7924.218750	-103.573135
7945.751953	-103.589973
7967.285156	-102.759628
7988.818359	-102.031242
8010.351562	-101.658897
8031.884766	-101.583130
8053.417969	-102.184982
8074.951172	-102.116585
8096.484375	-102.094574
8118.017578	-102.382004
8139.550781	-102.976288
8161.083984	-103.141991
8182.617188	-103.708427
8204.150391	-103.840004
8225.683594	-105.082664
8247.216797	-105.436661
8268.750000	-104.935463
8290.283203	-105.149147
8311.816406	-106.087685
8333.349609	-107.040405
8354.882812	-106.449493
8376.416016	-106.175919
8397.949219	-106.621239
8419.482422	-105.968269
8441.015625	-106.198814
8462.548828	-106.842499
8484.082031	-107.967094
8505.615234	-107.885628
8527.148438	-107.871376
8548.681641	-109.876839
8570.214844	-109.778923
8591.748047	-110.157448
8613.281250	-110.924751
8634.814453	-111.090172
8656.347656	-112.034149
8677.880859	-112.238861
8699.414062	-112.968468
8720.947266	-116.749252
8742.480469	-118.992279
8764.013672	-120.612320
8785.546875	-123.107437
8807.080078	-123.187691
8828.613281	-123.291359
8850.146484	-122.767273
8871.679688	-122.861778
8893.212891	-122.622406
8914.746094	-123.316422
8936.279297	-122.966537
8957.812500	-123.508949
8979.345703	-122.727539
9000.878906	-122.614861
9022.412109	-122.586609
9043.945312	-121.544357
9065.478516	-119.706635
9087.011719	-118.336487
9108.544922	-116.663116
9130.078125	-114.854012
9151.611328	-113.803581
9173.144531	-112.180382
9194.677734	-111.123924
9216.210938	-110.708237
9237.744141	-111.596016
9259.277344	-110.948456
9280.810547	-109.502548
9302.343750	-108.435295
9323.876953	-108.935913
9345.410156	-108.810135
9366.943359	-107.862030
9388.476562	-107.671494
9410.009766	-107.620293
9431.542969	-107.114090
9453.076172	-106.827286
9474.609375	-107.126671
9496.142578	-107.130836
9517.675781	-106.652206
9539.208984	-105.887703
9560.742188	-105.527458
9582.275391	-106.264938
9603.808594	-106.263741
9625.341797	-106.425797
9646.875000	-106.134331
9668.408203	-105.073044
9689.941406	-104.626053
9711.474609	-104.168655
9733.007812	-104.724983
9754.541016	-103.852371
9776.074219	-102.929176
9797.607422	-102.880447
9819.140625	-103.770546
9840.673828	-104.187447
9862.207031	-103.760803
9883.740234	-103.573135
9905.273438	-103.185318
9926.806641	-103.016808
9948.339844	-102.193695
9969.873047	-102.460876
9991.406250	-102.829918
10012.939453	-103.480629
10034.472656	-102.874031
10056.005859	-101.695755
10077.539062	-101.968788
10099.072266	-101.834564
10120.605469	-102.088631
10142.138672	-101.926277
10163.671875	-101.287430
10185.205078	-101.548851
10206.738281	-101.394653
10228.271484	-101.277138
10249.804688	-101.507614
10271.337891	-101.888405
10292.871094	-101.766380
10314.404297	-101.619843
10335.937500	-101.353745
10357.470703	-101.337784
10379.003906	-101.050865
10400.537109	-101.258469
10422.070312	-101.843307
10443.603516	-100.800148
10465.136719	-98.563286
10486.669922	-100.218437
10508.203125	-101.300079
10529.736328	-99.009605
10551.269531	-93.898201
10572.802734	-96.222588
10594.335938	-100.267601
10615.869141	-95.733368
10637.402344	-93.832077
10658.935547	-99.470528
10680.468750	-101.240913
10702.001953	-100.698227
10723.535156	-101.149719
10745.068359	-100.821617
10766.601562	-100.520828
10788.134766	-101.869148
10809.667969	-100.854652
10831.201172	-100.657616
10852.734375	-100.280167
10874.267578	-98.984306
10895.800781	-100.864494
10917.333984	-100.942307
10938.867188	-100.484444
10960.400391	-101.549339
10981.933594	-101.552414
11003.466797	-101.397926
11025.000000	-100.506180
11046.533203	-101.529480
11068.066406	-101.384613
11089.599609	-101.320168
11111.132812	-101.468094
11132.666016	-101.759521
11154.199219	-102.253464
11175.732422	-102.220848
11197.265625	-101.828934
11218.798828	-101.647156
11240.332031	-102.179893
11261.865234	-102.196671
11283.398438	-101.871208
11304.931641	-102.167259
11326.464844	-101.811890
11347.998047	-100.820068
11369.531250	-100.570724
11391.064453	-99.817780
11412.597656	-95.903427
11434.130859	-97.568665
11455.664062	-100.888420
11477.197266	-98.373329
11498.730469	-97.205673
11520.263672	-101.735809
11541.796875	-101.976280
11563.330078	-101.458549
11584.863281	-100.832855
11606.396484	-102.011299
11627.929688	-102.559280
11649.462891	-102.226677
11670.996094	-102.253464
11692.529297	-102.777237
11714.062500	-103.164772
11735.595703	-104.019707
11757.128906	-103.462234
11778.662109	-102.966545
11800.195312	-102.991081
11821.728516	-103.346252
11843.261719	-103.572983
11864.794922	-103.327209
11886.328125	-103.791275
11907.861328	-103.666779
11929.394531	-104.012611
11950.927734	-104.865471
11972.460938	-104.938057
11993.994141	-104.958260
12015.527344	-103.955551
12037.060547	-104.133301
12058.593750	-104.802475
12080.126953	-104.568123
12101.660156	-105.014931
12123.193359	-105.872047
12144.726562	-105.405052
12166.259766	-105.751770
12187.792969	-105.864555
12209.326172	-105.848320
12230.859375	-106.773819
12252.392578	-106.650276
12273.925781	-107.018723
12295.458984	-107.185371
12316.992188	-107.102997
12338.525391	-106.680092
12360.058594	-107.078827
12381.591797	-107.086502
12403.125000	-107.497276
12424.658203	-108.245407
12446.191406	-109.073372
12467.724609	-108.226517
12489.257812	-108.938469
12510.791016	-110.278740
12532.324219	-110.394402
12553.857422	-109.576248
12575.390625	-109.073502
12596.923828	-109.621521
12618.457031	-109.458984
12639.990234	-110.208984
12661.523438	-111.244507
12683.056641	-111.457642
12704.589844	-112.768501
12726.123047	-114.352097
12747.656250	-113.774185
12769.189453	-114.306702
12790.722656	-114.089287
12812.255859	-113.970100
12833.789062	-114.197411
12855.322266	-114.631172
12876.855469	-116.802521
12898.388672	-120.876221
12919.921875	-122.199760
12941.455078	-122.313873
12962.988281	-123.485428
12984.521484	-121.885330
13006.054688	-121.715591
13027.587891	-123.040260
13049.121094	-123.530464
13070.654297	-122.705048
13092.187500	-122.472244
13113.720703	-123.251122
13135.253906	-123.366737
13156.787109	-122.761848
13178.320312	-122.540031
13199.853516	-123.940079
13221.386719	-124.386261
13242.919922	-123.229187
13264.453125	-123.374046
13285.986328	-122.906143
13307.519531	-122.689117
13329.052734	-122.954582
13350.585938	-123.212936
13372.119141	-123.864990
13393.652344	-122.016121
13415.185547	-120.439247
13436.718750	-120.981667
13458.251953	-120.367638
13479.785156	-119.491325
13501.318359	-120.653229
13522.851562	-119.958267
13544.384766	-117.971909
13565.917969	-117.389160
13587.451172	-116.471626
13608.984375	-117.526215
13630.517578	-116.815155
13652.050781	-115.857407
13673.583984	-113.607964
13695.117188	-112.551979
13716.650391	-112.778564
13738.183594	-112.775696
13759.716797	-111.996483
13781.250000	-110.568039
13802.783203	-109.497307
13824.316406	-108.493767
13845.849609	-108.735619
13867.382812	-109.465836
13888.916016	-109.217453
13910.449219	-108.150955
13931.982422	-107.992371
13953.515625	-107.670807
13975.048828	-107.294914
13996.582031	-107.377800
14018.115234	-107.264992
14039.648438	-107.227386
14061.181641	-107.090614
14082.714844	-107.583450
14104.248047	-107.167229
14125.781250	-106.983742
14147.314453	-106.427895
14168.847656	-106.444252
14190.380859	-106.843346
14211.914062	-106.757996
14233.447266	-106.814087
14254.980469	-106.816368
14276.513672	-106.321434
14298.046875	-105.604416
14319.580078	-106.135735
14341.113281	-105.853737
14362.646484	-105.949898
14384.179688	-106.566536
14405.712891	-105.166534
14427.246094	-104.857201
14448.779297	-103.865669
14470.312500	-105.155685
14491.845703	-104.640099
14513.378906	-104.954208
14534.912109	-105.953171
14556.445312	-105.163162
14577.978516	-104.816612
14599.511719	-104.594833
14621.044922	-104.770111
14642.578125	-105.028793
14664.111328	-105.025505
14685.644531	-104.910835
14707.177734	-105.612160
14728.710938	-105.022118
14750.244141	-104.301193
14771.777344	-104.859467
14793.310547	-104.685593
14814.843750	-104.030769
14836.376953	-103.885246
14857.910156	-104.282921
14879.443359	-105.587173
14900.976562	-105.212997
14922.509766	-104.364586
14944.042969	-104.013710
14965.576172	-103.657951
14987.109375	-103.765976
15008.642578	-104.454742
15030.175781	-104.366058
15051.708984	-104.452232
15073.242188	-105.357346
15094.775391	-104.830040
15116.308594	-103.553940
15137.841797	-103.373611
15159.375000	-104.842323
15180.908203	-104.662750
15202.441406	-103.419426
15223.974609	-103.755119
15245.507812	-103.694336
15267.041016	-104.370651
15288.574219	-104.942284
15310.107422	-104.796791
15331.640625	-104.101768
15353.173828	-103.599251
15374.707031	-103.973808
15396.240234	-103.695114
15417.773438	-103.794556
15439.306641	-104.217590
15460.839844	-103.145538
15482.373047	-102.273651
15503.906250	-103.939392
15525.439453	-103.868065
15546.972656	-103.820900
15568.505859	-104.590401
15590.039062	-104.081772
15611.572266	-104.259827
15633.105469	-105.198158
15654.638672	-105.353958
15676.171875	-105.015259
15697.705078	-105.228676
15719.238281	-104.906075
15740.771484	-104.866920
15762.304688	-104.908882
15783.837891	-105.141762
15805.371094	-104.375603
15826.904297	-103.856010
15848.437500	-106.722450
15869.970703	-114.582977
15891.503906	-124.376106
15913.037109	-123.695427
15934.570312	-122.719818
15956.103516	-122.697563
15977.636719	-123.081764
15999.169922	-123.055199
16020.703125	-123.285133
16042.236328	-124.158630
16063.769531	-124.396996
16085.302734	-123.865150
16106.835938	-123.804031
16128.369141	-122.681084
16149.902344	-122.573601
16171.435547	-122.802864
16192.968750	-123.684845
16214.501953	-123.461548
16236.035156	-122.410683
16257.568359	-122.381363
16279.101562	-123.326256
16300.634766	-123.042030
16322.167969	-123.501289
16343.701172	-123.323402
16365.234375	-124.107521
16386.767578	-123.898804
16408.300781	-124.163765
16429.833984	-124.107948
16451.367188	-122.966537
16472.900391	-123.519958
16494.433594	-123.114357
16515.966797	-122.697823
16537.500000	-122.914284
16559.033203	-123.622711
16580.566406	-123.326210
16602.099609	-123.318977
16623.632812	-123.182892
16645.166016	-122.791092
16666.699219	-123.435661
16688.232422	-123.550858
16709.765625	-124.058792
16731.298828	-124.197891
16752.832031	-123.848885
16774.365234	-124.498863
16795.898438	-124.121506
16817.431641	-123.064644
16838.964844	-123.379204
16860.498047	-123.569756
16882.031250	-123.218346
16903.564453	-122.928688
16925.097656	-123.328613
16946.630859	-123.848091
16968.164062	-123.771584
16989.697266	-123.033661
17011.230469	-123.610504
17032.763672	-123.503784
17054.296875	-122.513672
17075.830078	-123.285751
17097.363281	-123.088257
17118.896484	-122.481331
17140.429688	-122.970222
17161.962891	-123.577362
17183.496094	-124.414574
17205.029297	-124.302246
17226.562500	-122.974144
17248.095703	-122.619812
17269.628906	-123.138313
17291.162109	-123.648247
17312.695312	-123.628044
17334.228516	-123.651772
17355.761719	-123.873039
17377.294922	-123.508781
17398.828125	-123.615929
17420.361328	-123.884460
17441.894531	-123.184944
17463.427734	-123.218536
17484.960938	-123.997856
17506.494141	-124.005020
17528.027344	-123.208549
17549.560547	-123.470703
17571.093750	-123.953613
17592.626953	-123.314934
17614.160156	-122.357391
17635.693359	-122.942085
17657.226562	-123.084526
17678.759766	-123.493256
17700.292969	-124.580284
17721.826172	-123.656204
17743.359375	-123.153839
17764.892578	-122.895035
17786.425781	-123.365089
17807.958984	-123.404198
17829.492188	-124.227707
17851.025391	-123.155609
17872.558594	-123.588959
17894.091797	-124.118225
17915.625000	-123.631020
17937.158203	-123.490471
17958.691406	-122.519241
17980.224609	-122.545937
18001.757812	-123.608986
18023.291016	-123.482590
18044.824219	-123.358101
18066.357422	-123.384880
18087.890625	-122.527672
18109.423828	-123.428810
18130.957031	-123.880188
18152.490234	-122.935402
18174.023438	-123.023399
18195.556641	-123.099182
18217.089844	-124.000061
18238.623047	-124.443787
18260.156250	-123.967873
18281.689453	-123.909523
18303.222656	-123.624565
18324.755859	-122.888245
18346.289062	-122.855278
18367.822266	-123.005188
18389.355469	-123.303650
18410.888672	-122.971573
18432.421875	-122.755081
18453.955078	-123.374420
18475.488281	-123.527977
18497.021484	-123.595398
18518.554688	-123.870132
18540.087891	-124.079132
18561.621094	-123.832840
18583.154297	-124.191185
18604.687500	-124.305077
18626.220703	-124.948799
18647.753906	-124.063301
18669.287109	-122.383957
18690.820312	-122.222374
18712.353516	-122.748543
18733.886719	-123.389748
18755.419922	-123.121040
18776.953125	-123.393089
18798.486328	-123.188110
18820.019531	-123.480629
18841.552734	-123.610832
18863.085938	-123.013840
18884.619141	-123.419121
18906.152344	-124.171577
18927.685547	-123.112473
18949.218750	-122.478653
18970.751953	-122.855347
18992.285156	-123.187271
19013.818359	-123.308151
19035.351562	-123.594429
19056.884766	-124.289536
19078.417969	-123.864548
19099.951172	-123.260574
19121.484375	-123.821457
19143.017578	-123.707176
19164.550781	-123.324158
19186.083984	-123.717323
19207.617188	-123.859406
19229.150391	-124.032585
19250.683594	-123.579315
19272.216797	-122.699448
19293.750000	-123.139076
19315.283203	-124.044769
19336.816406	-123.753654
19358.349609	-123.505707
19379.882812	-123.824669
19401.416016	-123.552902
19422.949219	-123.424660
19444.482422	-123.419464
19466.015625	-123.024147
19487.548828	-123.544456
19509.082031	-123.095840
19530.615234	-122.828812
19552.148438	-123.667816
19573.681641	-124.131371
19595.214844	-123.203796
19616.748047	-123.046272
19638.281250	-122.961136
19659.814453	-122.158356
19681.347656	-121.884819
19702.880859	-122.236313
19724.414062	-123.568748
19745.947266	-123.166481
19767.480469	-123.647034
19789.013672	-124.321709
19810.546875	-123.547165
19832.080078	-123.677406
19853.613281	-123.342033
19875.146484	-122.959175
19896.679688	-122.689316
19918.212891	-123.179680
19939.746094	-123.847488
19961.279297	-124.059319
19982.812500	-124.213097
20004.345703	-123.510529
20025.878906	-123.520920
20047.412109	-123.655899
20068.945312	-123.333748
20090.478516	-123.451897
20112.011719	-123.615784
20133.544922	-124.260162
20155.078125	-123.447639
20176.611328	-123.034523
20198.144531	-123.572075
20219.677734	-123.768112
20241.210938	-123.696396
20262.744141	-122.933128
20284.277344	-123.331360
20305.810547	-124.510994
20327.343750	-124.099205
20348.876953	-123.162964
20370.410156	-122.886765
20391.943359	-122.778267
20413.476562	-123.207504
20435.009766	-122.543434
20456.542969	-123.254875
20478.076172	-123.537109
20499.609375	-123.071915
20521.142578	-122.939774
20542.675781	-123.175537
20564.208984	-123.244980
20585.742188	-123.476227
20607.275391	-124.021873
20628.808594	-124.133896
20650.341797	-123.882774
20671.875000	-123.553787
20693.408203	-122.924141
20714.941406	-123.788467
20736.474609	-124.178345
20758.007812	-124.322037
20779.541016	-123.924583
20801.074219	-124.196495
20822.607422	-123.756912
20844.140625	-123.677788
20865.673828	-122.998550
20887.207031	-123.821602
20908.740234	-122.740135
20930.273438	-123.737564
20951.806641	-123.707825
20973.339844	-123.128174
20994.873047	-122.618263
21016.406250	-123.808044
21037.939453	-123.483383
21059.472656	-122.663948
21081.005859	-123.091499
21102.539062	-123.854393
21124.072266	-123.358276
21145.605469	-123.072441
21167.138672	-124.319778
21188.671875	-124.723526
21210.205078	-124.156120
21231.738281	-123.505623
21253.271484	-124.566833
21274.804688	-123.314476
21296.337891	-122.971878
21317.871094	-123.111069
21339.404297	-122.522667
21360.937500	-122.942947
21382.470703	-122.461014
21404.003906	-122.469673
21425.537109	-123.389435
21447.070312	-123.509377
21468.603516	-124.350471
21490.136719	-123.275238
21511.669922	-123.377335
21533.203125	-124.065498
21554.736328	-123.455894
21576.269531	-123.170166
21597.802734	-123.524811
21619.335938	-123.312927
21640.869141	-123.089149
21662.402344	-123.246559
21683.935547	-123.943100
21705.468750	-124.163490
21727.001953	-123.984665
21748.535156	-123.610229
21770.068359	-123.890678
21791.601562	-123.104752
21813.134766	-123.166710
21834.667969	-123.811951
21856.201172	-123.844078
21877.734375	-124.075249
21899.267578	-124.093658
21920.800781	-124.172661
21942.333984	-123.469078
21963.867188	-123.460854
21985.400391	-123.746544
22006.933594	-123.624748
22028.466797	-124.102982
