Frequency (Hz)	Level (dB)
21.533203	-66.591171
43.066406	-52.569477
64.599609	-47.313019
86.132812	-49.954506
107.666016	-53.471317
129.199219	-51.822868
150.732422	-53.715405
172.265625	-51.177105
193.798828	-46.688644
215.332031	-44.697578
236.865234	-47.582611
258.398438	-53.854668
279.931641	-55.256393
301.464844	-54.551373
322.998047	-51.486012
344.531250	-44.450989
366.064453	-33.052185
387.597656	-24.440231
409.130859	-27.533730
430.664062	-43.170891
452.197266	-42.668785
473.730469	-30.249258
495.263672	-25.475302
516.796875	-31.710707
538.330078	-44.905689
559.863281	-38.742596
581.396484	-33.977844
602.929688	-36.847942
624.462891	-47.326775
645.996094	-54.915443
667.529297	-51.901024
689.062500	-47.373444
710.595703	-50.482475
732.128906	-55.365299
753.662109	-52.486473
775.195312	-42.878738
796.728516	-44.015144
818.261719	-55.971195
839.794922	-64.921989
861.328125	-64.749168
882.861328	-65.856255
904.394531	-64.928543
925.927734	-64.042381
947.460938	-58.879028
968.994141	-48.890179
990.527344	-42.290333
1012.060547	-46.352509
1033.593750	-62.976929
1055.126953	-65.904610
1076.660156	-65.334160
1098.193359	-68.197792
1119.726562	-70.830002
1141.259766	-67.196053
1162.792969	-52.343891
1184.326172	-49.684624
1205.859375	-57.575233
1227.392578	-70.897583
1248.925781	-73.743942
1270.458984	-72.718300
1291.992188	-73.771240
1313.525391	-81.054718
1335.058594	-80.996773
1356.591797	-79.078537
1378.125000	-79.225372
1399.658203	-80.435677
1421.191406	-80.436562
1442.724609	-78.725151
1464.257812	-66.083015
1485.791016	-57.290527
1507.324219	-58.857487
1528.857422	-72.094009
1550.390625	-67.381393
1571.923828	-57.693607
1593.457031	-55.522285
1614.990234	-63.831627
1636.523438	-77.593956
1658.056641	-76.295380
1679.589844	-77.740089
1701.123047	-78.103851
1722.656250	-78.001877
1744.189453	-72.577225
1765.722656	-63.733299
1787.255859	-66.049416
1808.789062	-79.224258
1830.322266	-81.567230
1851.855469	-78.023491
1873.388672	-76.750328
1894.921875	-83.640900
1916.455078	-81.645706
1937.988281	-76.655342
1959.521484	-62.455311
1981.054688	-58.573433
2002.587891	-60.493938
2024.121094	-70.709625
2045.654297	-85.834648
2067.187500	-90.476288
2088.720703	-91.262405
2110.253906	-91.248848
2131.787109	-89.394753
2153.320312	-90.137573
2174.853516	-91.863785
2196.386719	-93.383629
2217.919922	-92.380661
2239.453125	-89.959450
2260.986328	-88.932907
2282.519531	-90.317276
2304.052734	-90.755455
2325.585938	-87.872200
2347.119141	-81.410393
2368.652344	-73.755417
2390.185547	-70.487137
2411.718750	-71.922791
2433.251953	-80.716881
2454.785156	-90.810226
2476.318359	-85.254997
2497.851562	-76.549835
2519.384766	-77.509918
2540.917969	-87.336624
2562.451172	-96.536385
2583.984375	-98.333008
2605.517578	-96.932152
2627.050781	-97.400116
2648.583984	-97.688164
2670.117188	-97.039368
2691.650391	-96.840904
2713.183594	-95.206116
2734.716797	-94.102287
2756.250000	-92.356873
2777.783203	-83.421654
2799.316406	-78.846130
2820.849609	-79.582123
2842.382812	-85.614754
2863.916016	-94.713287
2885.449219	-97.240280
2906.982422	-97.676926
2928.515625	-98.034576
2950.048828	-96.860535
2971.582031	-95.213737
2993.115234	-94.825569
3014.648438	-93.192123
3036.181641	-91.724098
3057.714844	-96.714401
3079.248047	-97.878288
3100.781250	-96.903336
3122.314453	-96.367020
3143.847656	-98.514145
3165.380859	-97.857117
3186.914062	-87.512161
3208.447266	-81.896942
3229.980469	-80.002655
3251.513672	-81.542847
3273.046875	-92.158882
3294.580078	-98.969833
3316.113281	-99.203430
3337.646484	-99.862106
3359.179688	-99.158661
3380.712891	-97.390015
3402.246094	-95.630165
3423.779297	-95.681129
3445.312500	-96.670929
3466.845703	-97.278702
3488.378906	-96.105995
3509.912109	-97.766945
3531.445312	-96.765961
3552.978516	-94.860985
3574.511719	-96.013908
3596.044922	-94.834984
3617.578125	-96.821785
3639.111328	-99.602150
3660.644531	-99.548676
3682.177734	-99.221718
3703.710938	-100.033073
3725.244141	-99.698479
3746.777344	-98.796272
3768.310547	-98.007744
3789.843750	-99.774231
3811.376953	-99.950432
3832.910156	-100.771820
3854.443359	-100.515167
3875.976562	-100.847664
3897.509766	-100.839317
3919.042969	-101.807610
3940.576172	-102.157257
3962.109375	-100.646942
3983.642578	-101.900047
4005.175781	-102.181328
4026.708984	-101.147820
4048.242188	-99.204895
4069.775391	-93.800079
4091.308594	-94.591553
4112.841797	-101.293701
4134.375000	-103.308907
4155.908203	-103.370728
4177.441406	-102.643242
4198.974609	-102.783218
4220.507812	-103.743118
4242.041016	-105.465363
4263.574219	-105.637970
4285.107422	-105.296516
4306.640625	-105.675476
4328.173828	-106.630226
4349.707031	-107.352562
4371.240234	-107.062630
4392.773438	-108.144714
4414.306641	-108.357597
4435.839844	-108.038864
4457.373047	-108.812088
4478.906250	-109.241089
4500.439453	-109.591202
4521.972656	-109.774117
4543.505859	-110.211189
4565.039062	-111.035881
4586.572266	-112.045052
4608.105469	-113.890450
4629.638672	-114.647072
4651.171875	-114.890434
4672.705078	-116.399696
4694.238281	-118.531303
4715.771484	-117.000435
4737.304688	-115.197090
4758.837891	-114.549973
4780.371094	-113.700348
4801.904297	-113.829071
4823.437500	-112.140938
4844.970703	-110.017784
4866.503906	-109.535072
4888.037109	-111.229958
4909.570312	-112.576942
4931.103516	-111.243469
4952.636719	-110.226837
4974.169922	-108.930374
4995.703125	-108.499046
5017.236328	-107.744255
5038.769531	-106.526970
5060.302734	-107.064995
5081.835938	-107.716560
5103.369141	-106.963623
5124.902344	-106.399132
5146.435547	-105.535698
5167.968750	-104.625473
5189.501953	-104.385025
5211.035156	-104.785934
5232.568359	-105.928879
5254.101562	-105.730904
5275.634766	-105.106064
5297.167969	-104.786903
5318.701172	-105.271156
5340.234375	-104.613365
5361.767578	-103.303711
5383.300781	-103.419014
5404.833984	-103.785225
5426.367188	-103.546669
5447.900391	-103.725327
5469.433594	-102.608719
5490.966797	-101.528183
5512.500000	-101.745781
5534.033203	-101.174080
5555.566406	-101.794624
5577.099609	-102.208786
5598.632812	-102.232468
5620.166016	-102.318436
5641.699219	-102.734512
5663.232422	-100.885651
5684.765625	-100.830269
5706.298828	-101.405380
5727.832031	-100.847778
5749.365234	-101.096916
5770.898438	-101.413109
5792.431641	-102.047371
5813.964844	-100.638527
5835.498047	-100.770126
5857.031250	-100.503075
5878.564453	-99.682594
5900.097656	-100.002701
5921.630859	-99.614998
5943.164062	-100.376381
5964.697266	-99.962143
5986.230469	-100.084595
6007.763672	-100.213013
6029.296875	-98.539474
6050.830078	-98.945251
6072.363281	-99.331223
6093.896484	-98.747856
6115.429688	-99.051453
6136.962891	-98.589050
6158.496094	-98.953743
6180.029297	-99.108459
6201.562500	-99.088440
6223.095703	-98.979500
6244.628906	-99.040337
6266.162109	-99.054245
6287.695312	-99.277626
6309.228516	-99.022728
6330.761719	-98.256996
6352.294922	-98.965202
6373.828125	-98.488228
6395.361328	-99.079559
6416.894531	-97.874985
6438.427734	-98.019043
6459.960938	-98.624344
6481.494141	-98.030136
6503.027344	-97.888351
6524.560547	-98.665329
6546.093750	-98.528564
6567.626953	-97.448608
6589.160156	-97.555038
6610.693359	-98.152786
6632.226562	-99.164436
6653.759766	-98.989098
6675.292969	-98.767769
6696.826172	-98.540703
6718.359375	-98.057976
6739.892578	-97.359230
6761.425781	-97.081604
6782.958984	-98.896950
6804.492188	-98.052055
6826.025391	-98.734322
6847.558594	-98.992981
6869.091797	-97.663261
6890.625000	-98.152534
6912.158203	-99.052811
6933.691406	-99.529396
6955.224609	-98.285507
6976.757812	-98.367432
6998.291016	-98.528534
7019.824219	-99.268402
7041.357422	-99.224998
7062.890625	-98.888519
7084.423828	-98.909477
7105.957031	-98.839767
7127.490234	-99.751244
7149.023438	-99.970535
7170.556641	-99.356476
7192.089844	-99.585495
7213.623047	-99.071106
7235.156250	-99.110870
7256.689453	-99.405914
7278.222656	-99.759537
7299.755859	-99.347328
7321.289062	-99.565575
7342.822266	-100.292084
7364.355469	-100.362770
7385.888672	-99.829781
7407.421875	-100.048630
7428.955078	-99.524261
7450.488281	-98.782898
7472.021484	-99.936195
7493.554688	-99.865196
7515.087891	-100.363213
7536.621094	-100.210106
7558.154297	-100.139771
7579.687500	-100.837357
7601.220703	-101.132980
7622.753906	-101.202194
7644.287109	-101.591415
7665.820312	-100.632866
7687.353516	-101.083061
7708.886719	-100.657646
7730.419922	-101.173866
7751.953125	-101.914665
7773.486328	-102.342987
7795.019531	-101.673828
7816.552734	-102.326584
7838.085938	-102.659035
7859.619141	-102.037483
7881.152344	-102.655289
7902.685547	-103.155968
7924.218750	-103.314850
7945.751953	-103.433929
7967.285156	-103.339897
7988.818359	-102.418434
8010.351562	-101.915146
8031.884766	-102.429588
8053.417969	-102.371140
8074.951172	-102.490585
8096.484375	-103.647278
8118.017578	-102.846954
8139.550781	-103.166832
8161.083984	-103.129204
8182.617188	-104.382820
8204.150391	-104.594627
8225.683594	-104.599396
8247.216797	-105.012367
8268.750000	-105.013107
8290.283203	-104.577736
8311.816406	-103.482445
8333.349609	-104.517494
8354.882812	-105.272560
8376.416016	-105.479843
8397.949219	-105.745888
8419.482422	-107.195404
8441.015625	-107.285896
8462.548828	-107.467934
8484.082031	-107.415848
8505.615234	-107.754150
8527.148438	-108.360275
8548.681641	-109.217628
8570.214844	-108.850967
8591.748047	-109.741470
8613.281250	-111.657318
8634.814453	-113.611252
8656.347656	-113.833771
8677.880859	-115.403687
8699.414062	-118.066780
8720.947266	-119.764465
8742.480469	-119.898827
8764.013672	-121.379120
8785.546875	-122.800926
8807.080078	-123.093872
8828.613281	-123.622017
8850.146484	-123.225136
8871.679688	-123.667137
8893.212891	-123.619499
8914.746094	-123.874474
8936.279297	-123.913399
8957.812500	-124.170883
8979.345703	-123.687386
9000.878906	-122.828949
9022.412109	-121.657188
9043.945312	-119.116623
9065.478516	-118.240395
9087.011719	-118.110489
9108.544922	-115.118866
9130.078125	-114.182198
9151.611328	-114.205093
9173.144531	-113.645569
9194.677734	-112.883278
9216.210938	-110.607552
9237.744141	-110.362892
9259.277344	-110.772278
9280.810547	-109.791634
9302.343750	-109.124771
9323.876953	-109.134026
9345.410156	-108.896332
9366.943359	-107.114891
9388.476562	-106.927429
9410.009766	-107.865845
9431.542969	-106.594551
9453.076172	-105.732910
9474.609375	-106.205612
9496.142578	-107.437256
9517.675781	-108.074699
9539.208984	-106.081596
9560.742188	-105.261383
9582.275391	-104.963020
9603.808594	-104.323959
9625.341797	-104.070168
9646.875000	-105.725197
9668.408203	-106.342659
9689.941406	-105.466576
9711.474609	-105.174797
9733.007812	-105.689095
9754.541016	-104.902832
9776.074219	-104.432007
9797.607422	-103.895653
9819.140625	-103.698257
9840.673828	-103.844414
9862.207031	-104.147102
9883.740234	-103.323776
9905.273438	-101.848610
9926.806641	-102.742775
9948.339844	-102.879143
9969.873047	-102.468307
9991.406250	-102.882538
10012.939453	-102.376556
10034.472656	-101.160866
10056.005859	-101.553139
10077.539062	-102.414589
10099.072266	-102.281464
10120.605469	-102.052948
10142.138672	-102.805443
10163.671875	-102.040146
10185.205078	-101.270767
10206.738281	-102.399414
10228.271484	-102.576920
10249.804688	-101.090607
10271.337891	-101.008499
10292.871094	-100.705589
10314.404297	-100.585045
10335.937500	-102.078445
10357.470703	-101.521584
10379.003906	-101.016922
10400.537109	-101.289543
10422.070312	-101.281754
10443.603516	-101.923637
10465.136719	-101.528152
10486.669922	-101.161209
10508.203125	-100.615837
10529.736328	-98.486633
10551.269531	-99.468391
10572.802734	-100.494652
10594.335938	-100.981590
10615.869141	-97.285057
10637.402344	-95.015579
10658.935547	-100.088448
10680.468750	-101.317062
10702.001953	-100.491524
10723.535156	-101.150566
10745.068359	-100.899742
10766.601562	-100.587257
10788.134766	-101.582748
10809.667969	-101.358261
10831.201172	-101.027176
10852.734375	-100.767906
10874.267578	-101.226837
10895.800781	-101.142426
10917.333984	-100.895706
10938.867188	-101.481262
10960.400391	-101.817085
10981.933594	-101.480682
11003.466797	-101.031647
11025.000000	-101.322731
11046.533203	-101.673187
11068.066406	-101.569038
11089.599609	-100.855705
11111.132812	-100.850845
11132.666016	-101.456497
11154.199219	-101.513725
11175.732422	-101.612747
11197.265625	-101.274689
11218.798828	-101.205772
11240.332031	-100.706070
11261.865234	-100.933044
11283.398438	-100.438095
11304.931641	-101.078796
11326.464844	-102.448799
11347.998047	-101.418610
11369.531250	-101.052933
11391.064453	-100.074493
11412.597656	-96.878952
11434.130859	-98.677170
11455.664062	-101.942375
11477.197266	-102.700684
11498.730469	-101.373474
11520.263672	-99.697777
11541.796875	-101.848946
11563.330078	-101.986198
11584.863281	-101.931465
11606.396484	-101.616142
11627.929688	-101.093735
11649.462891	-101.507622
11670.996094	-101.868698
11692.529297	-102.343376
11714.062500	-103.426117
11735.595703	-103.538048
11757.128906	-102.843681
11778.662109	-102.825386
11800.195312	-102.690033
11821.728516	-102.548431
11843.261719	-103.248909
11864.794922	-102.959961
11886.328125	-103.384804
11907.861328	-104.612068
11929.394531	-103.868523
11950.927734	-102.757271
11972.460938	-103.235672
11993.994141	-103.499008
12015.527344	-103.775139
12037.060547	-105.048912
12058.593750	-105.104950
12080.126953	-104.436623
12101.660156	-104.629967
12123.193359	-105.646561
12144.726562	-105.933151
12166.259766	-106.348000
12187.792969	-106.604790
12209.326172	-105.897484
12230.859375	-105.811943
12252.392578	-105.746437
12273.925781	-106.533463
12295.458984	-107.042831
12316.992188	-106.543114
12338.525391	-107.180893
12360.058594	-107.684578
12381.591797	-107.986588
12403.125000	-108.355354
12424.658203	-108.039101
12446.191406	-108.086594
12467.724609	-108.251305
12489.257812	-108.332443
12510.791016	-108.665672
12532.324219	-109.791115
12553.857422	-111.256905
12575.390625	-110.508308
12596.923828	-109.473526
12618.457031	-110.475197
12639.990234	-112.340286
12661.523438	-111.404388
12683.056641	-111.583305
12704.589844	-112.427475
12726.123047	-113.478851
12747.656250	-113.688103
12769.189453	-114.399971
12790.722656	-115.825127
12812.255859	-117.031555
12833.789062	-117.116570
12855.322266	-118.377289
12876.855469	-121.835747
12898.388672	-120.947197
12919.921875	-120.401512
12941.455078	-119.968689
12962.988281	-121.056992
12984.521484	-122.772240
13006.054688	-122.983246
13027.587891	-123.709938
13049.121094	-123.654358
13070.654297	-124.031502
13092.187500	-123.159210
13113.720703	-122.921730
13135.253906	-122.763756
13156.787109	-123.841576
13178.320312	-123.507370
13199.853516	-123.565468
13221.386719	-124.425919
13242.919922	-123.561775
13264.453125	-123.595421
13285.986328	-123.641617
13307.519531	-123.032730
13329.052734	-123.176918
13350.585938	-122.990837
13372.119141	-122.876793
13393.652344	-123.005188
13415.185547	-122.009453
13436.718750	-119.166397
13458.251953	-118.795914
13479.785156	-120.992805
13501.318359	-122.488159
13522.851562	-119.353714
13544.384766	-117.214340
13565.917969	-116.651489
13587.451172	-117.111351
13608.984375	-116.542801
13630.517578	-114.338936
13652.050781	-112.655342
13673.583984	-111.265999
13695.117188	-111.243721
13716.650391	-113.277992
13738.183594	-112.815567
13759.716797	-112.018402
13781.250000	-111.043449
13802.783203	-109.516823
13824.316406	-108.571014
13845.849609	-108.053635
13867.382812	-108.400826
13888.916016	-109.434914
13910.449219	-109.542770
13931.982422	-107.668861
13953.515625	-107.467049
13975.048828	-108.881134
13996.582031	-107.741402
14018.115234	-107.399582
14039.648438	-107.087791
14061.181641	-106.397224
14082.714844	-106.625420
14104.248047	-106.402267
14125.781250	-106.033035
14147.314453	-106.321899
14168.847656	-105.662506
14190.380859	-105.463158
14211.914062	-105.778351
14233.447266	-106.415916
14254.980469	-106.579948
14276.513672	-106.019890
14298.046875	-106.268036
14319.580078	-105.577133
14341.113281	-106.605751
14362.646484	-106.714516
14384.179688	-105.128883
14405.712891	-104.162201
14427.246094	-105.484383
14448.779297	-106.103279
14470.312500	-106.538780
14491.845703	-106.214256
14513.378906	-105.151421
14534.912109	-105.841454
14556.445312	-104.894547
14577.978516	-105.395256
14599.511719	-105.826988
14621.044922	-104.970833
14642.578125	-104.420914
14664.111328	-104.967400
14685.644531	-105.362625
14707.177734	-104.491280
14728.710938	-105.432289
14750.244141	-104.371521
14771.777344	-104.472527
14793.310547	-104.662148
14814.843750	-104.455154
14836.376953	-104.194115
14857.910156	-104.774673
14879.443359	-105.246162
14900.976562	-104.690277
14922.509766	-104.302719
14944.042969	-104.230606
14965.576172	-104.471375
14987.109375	-103.356026
15008.642578	-103.648994
15030.175781	-104.008934
15051.708984	-103.780350
15073.242188	-104.379486
15094.775391	-104.956520
15116.308594	-104.989006
15137.841797	-103.974457
15159.375000	-104.790443
15180.908203	-104.296722
15202.441406	-103.931374
15223.974609	-104.875885
15245.507812	-104.566864
15267.041016	-104.656937
15288.574219	-103.786201
15310.107422	-103.407021
15331.640625	-105.193420
15353.173828	-105.886658
15374.707031	-104.648705
15396.240234	-105.329689
15417.773438	-105.296707
15439.306641	-105.244141
15460.839844	-105.873955
15482.373047	-105.131516
15503.906250	-105.391899
15525.439453	-105.263359
15546.972656	-105.512772
15568.505859	-105.083435
15590.039062	-104.621223
15611.572266	-104.500282
15633.105469	-105.407387
15654.638672	-105.520630
15676.171875	-106.056999
15697.705078	-105.962265
15719.238281	-105.453247
15740.771484	-105.329666
15762.304688	-105.709999
15783.837891	-105.168442
15805.371094	-104.895866
15826.904297	-106.314110
15848.437500	-108.728249
15869.970703	-112.376427
15891.503906	-114.267555
15913.037109	-120.302856
15934.570312	-119.796532
15956.103516	-113.336548
15977.636719	-113.158897
15999.169922	-119.143829
16020.703125	-122.520012
16042.236328	-123.425331
16063.769531	-123.439796
16085.302734	-121.648987
16106.835938	-115.969963
16128.369141	-115.748688
16149.902344	-120.335175
16171.435547	-122.767914
16192.968750	-122.975693
16214.501953	-123.066849
16236.035156	-123.631943
16257.568359	-123.065132
16279.101562	-123.095116
16300.634766	-123.188385
16322.167969	-123.535545
16343.701172	-123.561577
16365.234375	-123.059258
16386.767578	-123.551376
16408.300781	-123.325432
16429.833984	-123.022659
16451.367188	-123.169540
16472.900391	-124.027946
16494.433594	-123.460869
16515.966797	-123.839989
16537.500000	-124.142746
16559.033203	-123.991280
16580.566406	-124.012802
16602.099609	-123.965775
16623.632812	-123.630096
16645.166016	-124.176682
16666.699219	-123.843964
16688.232422	-122.950111
16709.765625	-123.444298
16731.298828	-123.588028
16752.832031	-123.737305
16774.365234	-123.635010
16795.898438	-124.334259
16817.431641	-123.582039
16838.964844	-123.044746
16860.498047	-122.742783
16882.031250	-123.024101
16903.564453	-124.020317
16925.097656	-123.215958
16946.630859	-123.204834
16968.164062	-123.767334
16989.697266	-124.457695
17011.230469	-124.179512
17032.763672	-124.247101
17054.296875	-124.062218
17075.830078	-123.575539
17097.363281	-123.011627
17118.896484	-123.737724
17140.429688	-122.752647
17161.962891	-123.091187
17183.496094	-123.649956
17205.029297	-123.378319
17226.562500	-122.694199
17248.095703	-122.682915
17269.628906	-123.395485
17291.162109	-123.704994
17312.695312	-123.936050
17334.228516	-123.515732
17355.761719	-122.632721
17377.294922	-123.605133
17398.828125	-123.549034
17420.361328	-122.940651
17441.894531	-123.162354
17463.427734	-123.203590
17484.960938	-123.971504
17506.494141	-124.199295
17528.027344	-123.487701
17549.560547	-123.531097
17571.093750	-124.020126
17592.626953	-124.398705
17614.160156	-123.922813
17635.693359	-123.115089
17657.226562	-123.535820
17678.759766	-123.640320
17700.292969	-122.584366
17721.826172	-122.687439
17743.359375	-123.258980
17764.892578	-123.426193
17786.425781	-123.009155
17807.958984	-123.080811
17829.492188	-123.820793
17851.025391	-122.975723
17872.558594	-122.684586
17894.091797	-123.551956
17915.625000	-122.825623
17937.158203	-123.249557
17958.691406	-123.542320
17980.224609	-122.850204
18001.757812	-123.580727
18023.291016	-124.136696
18044.824219	-123.917221
18066.357422	-123.908501
18087.890625	-123.739716
18109.423828	-123.548347
18130.957031	-123.534645
18152.490234	-123.370895
18174.023438	-122.934898
18195.556641	-122.386757
18217.089844	-123.223145
18238.623047	-123.757118
18260.156250	-123.938850
18281.689453	-124.077965
18303.222656	-124.050964
18324.755859	-123.771919
18346.289062	-124.107071
18367.822266	-124.247322
18389.355469	-123.473190
18410.888672	-123.518402
18432.421875	-124.212639
18453.955078	-124.945580
18475.488281	-124.317474
18497.021484	-123.960526
18518.554688	-124.238625
18540.087891	-123.778488
18561.621094	-124.046959
18583.154297	-124.299461
18604.687500	-123.671326
18626.220703	-123.925331
18647.753906	-124.401260
18669.287109	-123.728477
18690.820312	-124.564667
18712.353516	-123.527260
18733.886719	-123.670029
18755.419922	-123.764580
18776.953125	-124.087067
18798.486328	-123.409393
18820.019531	-123.610229
18841.552734	-123.006279
18863.085938	-123.081596
18884.619141	-123.222153
18906.152344	-122.834702
18927.685547	-123.172401
18949.218750	-123.805367
18970.751953	-123.749649
18992.285156	-123.771667
19013.818359	-123.877411
19035.351562	-124.081261
19056.884766	-123.900803
19078.417969	-123.560966
19099.951172	-123.530449
19121.484375	-122.964584
19143.017578	-123.163467
19164.550781	-123.828560
19186.083984	-123.805656
19207.617188	-123.788406
19229.150391	-124.295403
19250.683594	-123.857162
19272.216797	-123.212265
19293.750000	-123.350563
19315.283203	-123.956474
19336.816406	-124.166931
19358.349609	-124.546577
19379.882812	-124.124687
19401.416016	-123.424957
19422.949219	-123.392914
19444.482422	-123.168259
19466.015625	-122.621017
19487.548828	-123.564316
19509.082031	-123.549850
19530.615234	-124.786285
19552.148438	-123.577377
19573.681641	-122.743637
19595.214844	-123.318161
19616.748047	-123.543861
19638.281250	-123.156723
19659.814453	-123.362923
19681.347656	-123.941864
19702.880859	-123.833359
19724.414062	-123.372803
19745.947266	-123.156807
19767.480469	-123.352867
19789.013672	-123.279167
19810.546875	-124.162773
19832.080078	-123.498611
19853.613281	-123.546883
19875.146484	-123.282074
19896.679688	-122.471817
19918.212891	-122.365059
19939.746094	-123.452797
19961.279297	-123.474083
19982.812500	-123.955368
20004.345703	-123.235939
20025.878906	-122.454269
20047.412109	-122.706848
20068.945312	-122.661278
20090.478516	-124.055458
20112.011719	-122.933365
20133.544922	-122.920296
20155.078125	-123.935715
20176.611328	-124.100861
20198.144531	-123.817780
20219.677734	-124.500542
20241.210938	-124.053162
20262.744141	-123.624413
20284.277344	-123.740555
20305.810547	-123.410110
20327.343750	-124.152946
20348.876953	-123.606766
20370.410156	-123.507568
20391.943359	-122.683281
20413.476562	-121.840431
20435.009766	-122.908195
20456.542969	-123.907326
20478.076172	-123.784180
20499.609375	-123.500221
20521.142578	-124.006050
20542.675781	-123.707191
20564.208984	-124.343391
20585.742188	-122.994347
20607.275391	-122.202736
20628.808594	-122.803284
20650.341797	-123.315308
20671.875000	-123.165573
20693.408203	-123.861374
20714.941406	-124.516060
20736.474609	-123.874435
20758.007812	-123.805077
20779.541016	-123.525055
20801.074219	-123.866508
20822.607422	-123.895996
20844.140625	-124.041595
20865.673828	-123.837379
20887.207031	-123.557495
20908.740234	-123.076027
20930.273438	-123.106590
20951.806641	-123.844215
20973.339844	-123.892914
20994.873047	-122.800491
21016.406250	-122.970528
21037.939453	-123.264503
21059.472656	-122.695778
21081.005859	-122.330925
21102.539062	-123.312576
21124.072266	-123.625763
21145.605469	-123.309952
21167.138672	-122.954964
21188.671875	-123.113182
21210.205078	-123.390450
21231.738281	-123.816681
21253.271484	-123.970261
21274.804688	-123.321274
21296.337891	-124.044273
21317.871094	-123.888672
21339.404297	-123.340416
21360.937500	-123.890442
21382.470703	-123.764816
21404.003906	-123.338135
21425.537109	-122.502197
21447.070312	-122.279686
21468.603516	-122.771492
21490.136719	-124.001762
21511.669922	-123.892326
21533.203125	-123.481758
21554.736328	-122.998238
21576.269531	-123.259399
21597.802734	-123.456383
21619.335938	-123.249168
21640.869141	-123.479691
21662.402344	-123.022530
21683.935547	-123.188690
21705.468750	-123.422653
21727.001953	-123.144402
21748.535156	-121.983437
21770.068359	-122.313293
21791.601562	-123.471344
21813.134766	-123.801186
21834.667969	-124.175652
21856.201172	-123.323952
21877.734375	-123.617401
21899.267578	-123.830528
21920.800781	-123.112686
21942.333984	-122.890259
21963.867188	-123.655579
21985.400391	-123.716980
22006.933594	-123.865501
22028.466797	-124.004776
